time,right_s0,right_s1,right_e0,right_e1,right_w0,right_w1,right_w2
0.598871,0.585182855526,-0.6636206425,-0.265448201137,2.062271711,-0.422989449578,-1.56946289508,0.0568182569609
0.608857,0.585259096359,-0.663659876383,-0.263134189201,2.06307715963,-0.422362406888,-1.56922113396,0.0576586069642
0.618843,0.585291281162,-0.663276448791,-0.261452695449,2.06410028357,-0.42132054112,-1.56905940582,0.0582599653118
0.628830,0.585219814646,-0.662737845142,-0.26031422963,2.06474918657,-0.420960373646,-1.56875152377,0.0592144239092
0.638816,0.585179395144,-0.662401550642,-0.259546669059,2.064987365,-0.421055498175,-1.56849306477,0.0605765414293
0.648802,0.585277494352,-0.662373022848,-0.258731719611,2.06523398734,-0.420979005491,-1.56829553276,0.061826385245
0.658788,0.585316235069,-0.662332191471,-0.257568644569,2.06546221671,-0.420539666643,-1.56805930473,0.0626865846647
0.668775,0.585064540067,-0.662174322495,-0.256310618214,2.06556550695,-0.419995507088,-1.56778929947,0.0633985142031
0.678761,0.58470681599,-0.662010828137,-0.255228580357,2.06573725849,-0.419681345534,-1.5675431682,0.0641754937268
0.688747,0.584546122305,-0.66175600982,-0.254234068692,2.06613527973,-0.419529768918,-1.56735124192,0.0649251044059
0.698733,0.584312077083,-0.661334157406,-0.253372018224,2.06652330456,-0.41905702847,-1.56736774559,0.0656681933322
0.708719,0.584097616627,-0.660993605371,-0.252096124325,2.06680694787,-0.418680693043,-1.56774693701,0.066137297941
0.718706,0.583498539415,-0.660680286233,-0.250907191915,2.06683698502,-0.418196619192,-1.56747647218,0.0666072014982
0.728692,0.582784312126,-0.660251292401,-0.24996149046,2.06703970227,-0.417289278712,-1.56721412177,0.0672397119974
0.738678,0.581966147823,-0.659735784425,-0.249333704583,2.06732515902,-0.416508111463,-1.56718796138,0.0678992855397
0.748664,0.581373611434,-0.659403553214,-0.24840124704,2.06730573333,-0.416093393076,-1.56711829421,0.068634788711
0.758651,0.58087074578,-0.659205610754,-0.247296588673,2.0671058628,-0.415916448911,-1.56707901889,0.0695104180317
0.768637,0.580180873999,-0.658951157207,-0.246332261757,2.06706847871,-0.415621818133,-1.56691505837,0.0703895525521
0.778623,0.579398247017,-0.658551623181,-0.245371914274,2.06706562309,-0.415044519118,-1.56656457333,0.0710733463045
0.788609,0.578583093766,-0.658075988834,-0.244368983509,2.06689943719,-0.414187449661,-1.56631687229,0.0715366311535
0.798595,0.577599733451,-0.657642896861,-0.243521542038,2.06667702165,-0.413325309425,-1.56626003558,0.0719856948958
0.808582,0.576437856449,-0.657290441457,-0.242842744229,2.06655728034,-0.4128787525,-1.56603081323,0.0725936279799
0.818568,0.575172646899,-0.657006615573,-0.242349794997,2.06649640411,-0.412572541167,-1.56577873259,0.073185069875
0.828554,0.57398064769,-0.657024019317,-0.242173475886,2.066183685,-0.411883383039,-1.56559898223,0.0736619906192
0.838540,0.572776202333,-0.656564202469,-0.241646265179,2.06545934176,-0.411414737589,-1.56575005041,0.0741941343406
0.848527,0.571623152878,-0.655737307739,-0.241016022338,2.06496958184,-0.410980413494,-1.56578898401,0.074636484407
0.858513,0.570404174202,-0.655182201462,-0.240207227537,2.06441836698,-0.410670813585,-1.56559378266,0.0752171536641
0.868499,0.568957756149,-0.654766874319,-0.239175828672,2.06404991398,-0.410162501441,-1.56543273576,0.0756515916768
0.878485,0.567471199289,-0.654630539418,-0.238306319998,2.06389158411,-0.40941112263,-1.56547058432,0.0760085283367
0.888471,0.565992551036,-0.654461221011,-0.237807999034,2.06360727981,-0.408689527888,-1.56557304208,0.0764735158177
0.898458,0.564537667383,-0.653965855187,-0.237511740872,2.06318665543,-0.408087550283,-1.56544114841,0.0769740660445
0.908444,0.56308433693,-0.653284766512,-0.237119854603,2.06274268009,-0.407497962148,-1.56514970381,0.0774359714293
0.918430,0.561472082054,-0.6527753207,-0.236559504066,2.06224079346,-0.406818139015,-1.56500383471,0.0779162106747
0.928416,0.55960124521,-0.652524030076,-0.236086735912,2.06177922045,-0.40604055222,-1.56494535433,0.0783193972281
0.938403,0.557830131259,-0.652229707644,-0.235968565325,2.06147726241,-0.405326035584,-1.56499025791,0.0785384240915
0.948389,0.556445445503,-0.651665197291,-0.235736808573,2.06116403633,-0.404147307449,-1.56511046851,0.0788287351398
0.958375,0.554884815409,-0.650957658361,-0.234826449869,2.06076219353,-0.403571637634,-1.56499030359,0.0791495362349
0.968361,0.552922023746,-0.650466887109,-0.233942091485,2.06022512263,-0.403105885829,-1.56474928187,0.0794615225004
0.978347,0.551101737255,-0.650187598778,-0.233201933355,2.05980145288,-0.40241230227,-1.56461118547,0.0797620352589
0.988334,0.549328879492,-0.649749462178,-0.232850177561,2.05931842764,-0.401560932434,-1.56453539857,0.0798944116275
0.998320,0.54721924054,-0.649140399602,-0.232961442408,2.05876104079,-0.400819899347,-1.5645459454,0.0799173104924
1.008306,0.544756556334,-0.64863088675,-0.232790211092,2.05816507266,-0.400173976175,-1.5645871629,0.0801633781845
1.018292,0.542500781876,-0.648124575454,-0.232217546529,2.05749926464,-0.399433787967,-1.56456780558,0.080584056526
1.028279,0.540661753388,-0.647482398968,-0.23178996183,2.05676321164,-0.398674599739,-1.56454924188,0.0809033536373
1.038265,0.538866946835,-0.646874829606,-0.231770546467,2.05608068729,-0.398186720114,-1.56459137523,0.0810988384967
1.048251,0.537072440244,-0.646310679354,-0.231998393689,2.05550979972,-0.397859824046,-1.56452276816,0.0812266281697
1.058237,0.534861082522,-0.645829072478,-0.231770128485,2.05475057939,-0.397183364344,-1.56463156769,0.0812396581811
1.068223,0.532604221811,-0.645323977232,-0.231088321057,2.05385129692,-0.396316120727,-1.56500567147,0.0815313815334
1.078210,0.530140027307,-0.644592419991,-0.230816760512,2.05296004977,-0.395513318046,-1.56473518715,0.0817736929902
1.088196,0.527770017406,-0.643834137074,-0.230342109944,2.05211394357,-0.394318718509,-1.56429265071,0.0820618103478
1.098182,0.525805787235,-0.643120751588,-0.230086167515,2.05127117197,-0.393321565585,-1.56416460902,0.0824132466675
1.108168,0.523625227784,-0.642574675718,-0.230102914581,2.05030748589,-0.392631576744,-1.56410997258,0.0826763603235
1.118155,0.521086060123,-0.642101717017,-0.230126986851,2.04953736658,-0.392024929075,-1.56399682661,0.0828596202877
1.128141,0.51845803231,-0.641651538077,-0.229965623223,2.04888303899,-0.39133532816,-1.56410831275,0.0830124089887
1.138127,0.516071348285,-0.641066460401,-0.229808306317,2.04807430824,-0.390759076149,-1.56442316755,0.0831993920707
1.148113,0.513995766061,-0.640202465717,-0.229796740161,2.04709012032,-0.390283181541,-1.56461553693,0.0834320764695
1.158099,0.511992602414,-0.639321482472,-0.229685736448,2.04603926514,-0.389497101551,-1.56461717779,0.0835425746993
1.168086,0.509841870071,-0.638924298199,-0.229491466187,2.04487347103,-0.388681486722,-1.56451271854,0.0833075513998
1.178072,0.507513170026,-0.638812569213,-0.229663461918,2.04374087844,-0.388288035232,-1.56451363077,0.0829858647218
1.188058,0.504873800012,-0.63832815822,-0.229335693142,2.04267130397,-0.387669744919,-1.56461051923,0.0826602720277
1.198044,0.502066166523,-0.637783929539,-0.228838466585,2.04136121683,-0.386580462155,-1.56433909381,0.0819854683196
1.208031,0.49951517202,-0.637207329823,-0.228697667254,2.03999608893,-0.38618764148,-1.5642838563,0.0816691695538
1.218017,0.497237549959,-0.636452966414,-0.228615434346,2.03877848254,-0.385963502369,-1.56432876867,0.0817075402759
1.228003,0.494825126709,-0.635830798877,-0.2284061834,2.03767991107,-0.385801691415,-1.56405126445,0.0816125984441
1.237989,0.492465570645,-0.63548441078,-0.228318275562,2.03674273542,-0.385896941226,-1.56362240667,0.0813283191282
1.247975,0.490434260631,-0.635195018112,-0.228455005489,2.03580405653,-0.386317865257,-1.56349082013,0.080747306665
1.257962,0.488382813133,-0.634807751193,-0.228663159571,2.0347513347,-0.387103290258,-1.56367016195,0.080056865744
1.267948,0.485911512157,-0.634516706947,-0.228821772537,2.03369620339,-0.388237105645,-1.56383572531,0.0797557371644
1.277934,0.483325431005,-0.634550601988,-0.229007666138,2.03264906182,-0.389482736794,-1.56387788376,0.079871418401
1.287920,0.480751235936,-0.634687526341,-0.22928462762,2.031382042,-0.390772766654,-1.56376442575,0.0799687093923
1.297907,0.478491034824,-0.634433039239,-0.229068056168,2.03009866512,-0.392331849875,-1.56380766309,0.0803390087631
1.307893,0.476058265687,-0.63366732858,-0.229018228582,2.02888014943,-0.394039326038,-1.56388777526,0.0804965500477
1.317879,0.473793537814,-0.632996526638,-0.229289852792,2.02771969974,-0.395488283806,-1.56386582851,0.0801148650926
1.327865,0.471649445194,-0.632611264541,-0.229704463726,2.02673960135,-0.397370675022,-1.56397291801,0.080087613797
1.337851,0.469382299126,-0.632465627416,-0.229605365268,2.02565469137,-0.399511480317,-1.56412425455,0.0803792934783
1.347838,0.467132955702,-0.632357333695,-0.229438543661,2.02429411801,-0.401819708503,-1.56417529067,0.0805266466382
1.357824,0.464665508446,-0.632242863234,-0.229475939765,2.02277700674,-0.404493852299,-1.56411040298,0.0804388784377
1.367810,0.462067847809,-0.632139565949,-0.229583892682,2.02132474715,-0.407366492422,-1.56412649676,0.0803129831272
1.377796,0.45965861692,-0.631873678108,-0.229495412002,2.01994821759,-0.410280762837,-1.56420111123,0.0803410979447
1.387783,0.457328807405,-0.631388809952,-0.229164045178,2.0185050616,-0.413279940619,-1.56413818292,0.0805204777057
1.397769,0.454737660971,-0.631145117191,-0.228891546999,2.01705301675,-0.416107535983,-1.5640827061,0.0806758970658
1.407755,0.452208944154,-0.631241960743,-0.228871618833,2.01575835114,-0.418959034614,-1.56397713295,0.0808120684458
1.417741,0.44977730022,-0.631229830761,-0.22929343373,2.01452432726,-0.422279393974,-1.56379754557,0.0810260925513
1.427727,0.446669309622,-0.631224870069,-0.229834674613,2.01294269937,-0.425650415458,-1.56384371757,0.0805860289212
1.437714,0.444012329443,-0.631246941948,-0.230016001053,2.01118185123,-0.429249875862,-1.56402312405,0.0803870761524
1.447700,0.441385069924,-0.631471685899,-0.229995949258,2.00953361535,-0.432916308226,-1.56419979766,0.0803681322708
1.457686,0.438989260878,-0.631661944399,-0.230025380461,2.00821783376,-0.436439524113,-1.564395498,0.0805723688309
1.467672,0.436719350023,-0.631622917524,-0.22994487677,2.0067969099,-0.440113340459,-1.56445820055,0.0808465542929
1.477659,0.434381007864,-0.631366519144,-0.229800385033,2.00521127934,-0.443814919796,-1.56430577264,0.0812054450084
1.487645,0.43197060183,-0.63118761303,-0.229866809059,2.00370139534,-0.447362653426,-1.56413791638,0.0815658343642
1.497631,0.429589235081,-0.631158722239,-0.230154142389,2.00248843938,-0.450743168219,-1.56422080347,0.081781205213
1.507617,0.427214587432,-0.630976437423,-0.23043954199,2.00161230169,-0.45408005281,-1.56446910535,0.0819027658622
1.517603,0.42475909771,-0.630656567321,-0.230789525543,2.00077241298,-0.457696743894,-1.56446350462,0.0820936613732
1.527590,0.422424951131,-0.630332627606,-0.230877350517,1.9996563898,-0.461191446182,-1.5642210901,0.082591579423
1.537576,0.420330484087,-0.63031985979,-0.231210451944,1.99823467028,-0.46456736743,-1.5641810755,0.0831715732845
1.547562,0.418074022821,-0.630113784398,-0.231523213033,1.99690771859,-0.468253841822,-1.56439696582,0.0829879849217
1.557548,0.415674224763,-0.629699202016,-0.231439441461,1.99594154139,-0.4720238376,-1.56447153944,0.0828296538447
1.567535,0.413413950504,-0.629364931441,-0.231208450956,1.99483504709,-0.475757973495,-1.56444846424,0.0827833828077
1.577521,0.411293568292,-0.629081047102,-0.231227434831,1.99376830758,-0.479266150928,-1.56429950847,0.0829403612008
1.587507,0.409140599254,-0.628767446809,-0.231383501117,1.99262972772,-0.482543458388,-1.56432750905,0.0830034113638
1.597493,0.406900985472,-0.628317684609,-0.231504854593,1.9913333279,-0.485577411094,-1.56444870169,0.0827983597662
1.607479,0.404619555649,-0.627744720134,-0.231731655693,1.99001880568,-0.488358978234,-1.56441340847,0.0824900922873
1.617466,0.402357248332,-0.627105816711,-0.23213114658,1.98878840915,-0.490968444239,-1.56431571237,0.0823649187165
1.627452,0.400193835623,-0.626385025329,-0.232448328813,1.98757107607,-0.493524080449,-1.56441674651,0.0825385695693
1.637438,0.398173678372,-0.6257270798,-0.232767536904,1.98636208276,-0.496070791476,-1.56459644719,0.0828492569522
1.647424,0.396195673154,-0.62531314808,-0.233152444376,1.98471322474,-0.498623579322,-1.56480554161,0.0828966741731
1.657411,0.394031752395,-0.625048488131,-0.233427380845,1.98323325543,-0.501360435203,-1.56489648861,0.0825775403996
1.667397,0.391872284909,-0.624494384941,-0.233646447521,1.98200073938,-0.503993534539,-1.56483801134,0.0827294001087
1.677383,0.389896880958,-0.623634786357,-0.233614497156,1.98078812027,-0.505941597644,-1.56469011975,0.0828485829104
1.687369,0.387653116186,-0.62275824332,-0.233483087859,1.97948880013,-0.507303521372,-1.56476368023,0.0827896689993
1.697355,0.38552146707,-0.622183098047,-0.233309061803,1.97838336854,-0.508252458731,-1.56507298179,0.0826385107097
1.707342,0.383775755304,-0.62179847914,-0.2329516786,1.97734581836,-0.509108892473,-1.56522306459,0.0823287522562
1.717328,0.382152028783,-0.621048662976,-0.232790197157,1.97595879163,-0.509872310734,-1.56504884448,0.082090846771
1.727314,0.380358370313,-0.619870114877,-0.232951693207,1.97430651246,-0.510411987978,-1.56476452589,0.0820464117895
1.737300,0.378405932546,-0.618802833511,-0.233070484716,1.97290069352,-0.510760089411,-1.56459526013,0.0819227530596
1.747287,0.37642442901,-0.618015844561,-0.233117940361,1.97171528626,-0.510875357924,-1.5645821136,0.0816670370916
1.757273,0.374713859553,-0.61726887081,-0.232963867932,1.97022577491,-0.510503609627,-1.56481184822,0.0817418433054
1.767259,0.373107716294,-0.616346400804,-0.232976432042,1.96877791706,-0.51014896523,-1.56498810794,0.0819404297606
1.777245,0.371401113636,-0.615564697151,-0.233220254283,1.96734379205,-0.510129636187,-1.56481368596,0.0822071948725
1.787231,0.36973298593,-0.614919754786,-0.233348612657,1.96592204918,-0.509706394796,-1.56476855603,0.0819925485703
1.797218,0.368020348836,-0.614274464613,-0.233436748297,1.96474614172,-0.508920738589,-1.56494981735,0.0816358985793
1.807204,0.366470527045,-0.613645329288,-0.233427696666,1.96358208373,-0.508307278451,-1.56499515414,0.0814917015895
1.817190,0.365125635338,-0.612886660703,-0.233404882165,1.96217497322,-0.507666496813,-1.56490831177,0.0813448091367
1.827176,0.364068195614,-0.612017165671,-0.233542148534,1.96066272735,-0.506671093302,-1.56486557995,0.0813344138784
1.837163,0.36316850516,-0.611208261584,-0.233750280396,1.95924538064,-0.505472623873,-1.56498432149,0.0812352359531
1.847149,0.362074535343,-0.610422313979,-0.233826969813,1.95790521414,-0.504360687395,-1.56512602344,0.080825917018
1.857135,0.360719493766,-0.609473625118,-0.233977388955,1.95655336151,-0.503353017912,-1.56510575959,0.0805767440852
1.867121,0.359541884962,-0.608536645949,-0.234654248366,1.95521216831,-0.502422151109,-1.56510055463,0.0808168597819
1.877107,0.35852527323,-0.607828517094,-0.235262328852,1.95374974979,-0.501474091865,-1.56522359355,0.0807681390598
1.887094,0.357610217193,-0.606872560921,-0.235381876056,1.95224782435,-0.500341648264,-1.56543639317,0.0803698051202
1.897080,0.356966884636,-0.605906018109,-0.235614957092,1.95089641844,-0.499160847077,-1.56545008952,0.0803908611634
1.907066,0.356473797092,-0.605414443149,-0.235571511339,1.94973119564,-0.498034725166,-1.56540201759,0.0803124248567
1.917052,0.35569436829,-0.605096120744,-0.235653438913,1.94839265017,-0.497081511626,-1.56542905091,0.0799821965525
1.927039,0.354789052914,-0.604402213261,-0.236197545927,1.94692742341,-0.496140166215,-1.56544685575,0.0795309863666
1.937025,0.354226916471,-0.603480393548,-0.236775899893,1.94546288325,-0.495093623756,-1.56553857277,0.079162356157
1.947011,0.353688341368,-0.602649230074,-0.236944134417,1.94412652973,-0.493937904684,-1.56551667868,0.0790038652555
1.956997,0.352805940699,-0.602000336961,-0.236891541619,1.9427936127,-0.49289902519,-1.56523664429,0.0790786047144
1.966983,0.351998105644,-0.601477667832,-0.237033159465,1.94125219316,-0.492132131411,-1.56501446394,0.0793615096634
1.976970,0.351821781843,-0.600960543856,-0.237390285212,1.93957643419,-0.491330744031,-1.56527386827,0.0796402665955
1.986956,0.351747021639,-0.600214190249,-0.237803353878,1.93798269747,-0.490085419685,-1.56576284328,0.0794333007633
1.996942,0.351026916676,-0.59951427026,-0.23805516842,1.93635273097,-0.488858612161,-1.56593393395,0.0790687759182
2.006928,0.350446846892,-0.598993046125,-0.23840968019,1.93474948069,-0.487845637538,-1.56577959973,0.0790762215008
2.016915,0.350018219279,-0.597969257878,-0.239126207445,1.93348767457,-0.486894862377,-1.56575220919,0.0788859299839
2.026901,0.349392365368,-0.596931224164,-0.239410710163,1.93231046888,-0.486066489069,-1.56567324219,0.0789427546983
2.036887,0.348677780866,-0.596278561323,-0.239325168212,1.93084506476,-0.485072790848,-1.56562293844,0.0791233123427
2.046873,0.348320764128,-0.595788501404,-0.239414985889,1.92940151841,-0.48388455238,-1.56556556656,0.0789619073508
2.056859,0.348283703278,-0.595266295857,-0.239637285687,1.92813758002,-0.482660833744,-1.5655550588,0.0786010013461
2.066846,0.348107820688,-0.594909540785,-0.239840859917,1.92691943261,-0.481745945819,-1.56559361724,0.0784428454755
2.076832,0.347723259846,-0.594660663677,-0.240130159926,1.92570000711,-0.481063636375,-1.5656194022,0.0783795225086
2.086818,0.347430664274,-0.594079175774,-0.240549042105,1.92454579268,-0.480103977076,-1.56575176387,0.0780232169613
2.096804,0.347206358689,-0.593133918973,-0.240810243802,1.92330805687,-0.478775463342,-1.56611445149,0.0775903013571
2.106791,0.346906564153,-0.592411925298,-0.240833120002,1.92180518636,-0.477684878125,-1.56614682455,0.0777177083492
2.116777,0.34655347143,-0.592040009801,-0.241132925995,1.92060457923,-0.476926635765,-1.56603986847,0.07817204832
2.126763,0.345898776173,-0.59157324971,-0.241743592869,1.91979912625,-0.476094996519,-1.56607805322,0.0781931907691
2.136749,0.345621457225,-0.590960391963,-0.242093318348,1.91855581919,-0.474932722143,-1.56592459252,0.078002955249
2.146735,0.3460362576,-0.590492570557,-0.242226303527,1.91702086556,-0.473913102203,-1.56585995281,0.0779442037773
2.156722,0.346346996291,-0.590112021008,-0.242255484399,1.915643734,-0.473258574284,-1.56607791521,0.0777587386375
2.166708,0.346143608677,-0.58957131377,-0.242302795911,1.9141922902,-0.472569334238,-1.5663030337,0.0774150525717
2.176694,0.345826320371,-0.588900867556,-0.242692012532,1.91267414224,-0.471588108452,-1.56635939291,0.0772266379122
2.186680,0.34570793247,-0.588321938554,-0.243309138706,1.91131278997,-0.470424575257,-1.56634885962,0.0772257949671
2.196667,0.345578464765,-0.587910541769,-0.243740661079,1.90991328079,-0.469389877233,-1.56638289945,0.0771244258148
2.206653,0.345237831135,-0.587550981772,-0.24389177368,1.90823069021,-0.468557935861,-1.5663422865,0.0767913493508
2.216639,0.344975740861,-0.587224865362,-0.244015327822,1.90678805345,-0.467584617379,-1.56613774918,0.0764530709342
2.226625,0.344922685871,-0.587050397155,-0.244153570364,1.90570081315,-0.46646255587,-1.56622698869,0.0763279361077
2.236611,0.344872418753,-0.586677822125,-0.24428849949,1.90456236111,-0.465642666351,-1.56649539024,0.0762854443216
2.246598,0.34490378856,-0.585988878592,-0.244239497112,1.90324428529,-0.465181937252,-1.56653100745,0.0760580972188
2.256584,0.344572899742,-0.585527171005,-0.244653137877,1.90194297281,-0.46424893748,-1.56640651363,0.0760808329146
2.266570,0.344303983145,-0.585247519971,-0.245058458474,1.90055080149,-0.462917999779,-1.56633639727,0.0760643741117
2.276556,0.344466643093,-0.584710797759,-0.245116978075,1.899160785,-0.461895216032,-1.56646175706,0.0755515840964
2.286543,0.34444085773,-0.584220002742,-0.244819454245,1.89787481898,-0.461115132175,-1.56672696311,0.0752875298245
2.296529,0.343836575833,-0.58401939757,-0.244378736041,1.89670126764,-0.460203101398,-1.56683397344,0.0756178671784
2.306515,0.343061526857,-0.584051741106,-0.244043571889,1.89557555208,-0.459181750901,-1.56666199667,0.0759906052921
2.316501,0.342487627033,-0.584040742565,-0.243873619214,1.89442494364,-0.45824470344,-1.56643804717,0.075928506024
2.326487,0.342003032123,-0.583752898454,-0.243757940561,1.89320164636,-0.457348004357,-1.56643872721,0.0757334304821
2.336474,0.341803504933,-0.583367795207,-0.24365806817,1.89190116273,-0.456484735284,-1.56661845494,0.0757757217482
2.346460,0.341914808239,-0.583228578288,-0.243452479372,1.89062093887,-0.455688944268,-1.56661986911,0.0756934089675
2.356446,0.34139318001,-0.583033205114,-0.243190447398,1.88923149226,-0.454808290334,-1.56649653659,0.0753191984185
2.366432,0.340557984249,-0.582987332176,-0.243065093052,1.88778402553,-0.453854458395,-1.56650534774,0.0750914521803
2.376418,0.340274613188,-0.582913067316,-0.243049805931,1.88631657854,-0.452819272496,-1.56669845883,0.0749621732179
2.386405,0.33992977383,-0.582578883186,-0.24294467775,1.88486428757,-0.451831344023,-1.56681937724,0.0745420798776
2.396391,0.339419017861,-0.582160123714,-0.242916425713,1.88352056758,-0.450943418122,-1.56688732914,0.0741929381918
2.406377,0.338947034837,-0.581851231502,-0.24269807068,1.88234799483,-0.449966437004,-1.56686811215,0.0741971837805
2.416363,0.338560288928,-0.581692649989,-0.242236714264,1.88116069867,-0.448970783219,-1.56680873132,0.0743689035276
2.426350,0.338118328349,-0.581737581186,-0.241874685991,1.87989096583,-0.448059082413,-1.56685755078,0.0743672170213
2.436336,0.337596479188,-0.581895823942,-0.241732678551,1.87866180303,-0.447186204638,-1.56702933533,0.074188526307
2.446322,0.337170809199,-0.581872973549,-0.24157641393,1.87746327624,-0.446349417924,-1.56707859369,0.074097803321
2.456308,0.336854154202,-0.581751096088,-0.241685600097,1.87620797042,-0.445546611923,-1.56686954151,0.0740578810096
2.466294,0.336411649408,-0.581598282719,-0.242075174331,1.87504341452,-0.444517490482,-1.56692150406,0.0741199931339
2.476281,0.335812500366,-0.58120646022,-0.241528830987,1.87378497264,-0.443312579545,-1.56719015276,0.0744353734683
2.486267,0.335214042526,-0.580799171949,-0.240748015992,1.87237233706,-0.442443156592,-1.56724264728,0.0743547880043
2.496253,0.334535719782,-0.580696135413,-0.240392953135,1.87116625206,-0.441661188496,-1.56712779206,0.0737867735231
2.506239,0.333914763849,-0.580702695698,-0.239998178987,1.87020380382,-0.440766553984,-1.56711211168,0.0733542621931
2.516226,0.333389023955,-0.580687118638,-0.239744808242,1.86913810433,-0.439845596435,-1.56719674373,0.0731252431769
2.526212,0.332795187638,-0.580648380453,-0.239540505006,1.86779840339,-0.438771931369,-1.5672100037,0.0731387839621
2.536198,0.332061604683,-0.580607895265,-0.239284170267,1.86638803717,-0.437578914421,-1.56715334494,0.0733642034049
2.546184,0.331241683533,-0.58056860827,-0.239066153863,1.86525733669,-0.436555352562,-1.56712931516,0.0735818073731
2.556170,0.330459243745,-0.580506462883,-0.238968212676,1.86443008401,-0.435823610406,-1.56710275661,0.0735740047451
2.566157,0.329779369953,-0.580369649631,-0.238908796948,1.86345783661,-0.435151684536,-1.5669454101,0.0733521980464
2.576143,0.328857326401,-0.580177642843,-0.238785126351,1.86206707702,-0.434507844145,-1.56674831688,0.0729759373881
2.586129,0.327727151792,-0.580136790801,-0.238389389716,1.8606077181,-0.433852563516,-1.56693718284,0.072596131082
2.596115,0.326917614581,-0.580112138421,-0.238194783606,1.85927872196,-0.432876251243,-1.56722796229,0.0723821056969
2.606102,0.326365985206,-0.579693069291,-0.238126489533,1.85821166704,-0.431643097388,-1.56719798852,0.0721767823683
2.616088,0.325652537544,-0.579093076047,-0.238088447719,1.85717798661,-0.430527057099,-1.56715516973,0.0719003791983
2.626074,0.324883824642,-0.578515694654,-0.238058845189,1.85602098694,-0.429561243306,-1.56720632672,0.0717323323364
2.636060,0.324455425383,-0.578109215103,-0.23786177545,1.85477754012,-0.428651920627,-1.56742737823,0.0717227832324
2.646046,0.324006509518,-0.578042377254,-0.23756369177,1.85348865758,-0.427795269133,-1.56753854169,0.0718228245015
2.656033,0.323169316034,-0.57807749086,-0.237375321982,1.85231517949,-0.426984702177,-1.56733149152,0.0719026266066
2.666019,0.32233380831,-0.577799053342,-0.237383991177,1.85129675171,-0.4261485828,-1.56707668797,0.0717438550429
2.676005,0.321906726734,-0.577188967355,-0.237571165753,1.85023324488,-0.425254897471,-1.5671541224,0.0713115172323
2.685991,0.321298510543,-0.576576972095,-0.237990055198,1.84907707633,-0.424372460289,-1.56739633837,0.0709970299914
2.695978,0.320391736724,-0.576039681151,-0.238527455024,1.84798972623,-0.423473686264,-1.56752260352,0.0709561218001
2.705964,0.319864336676,-0.575741896952,-0.238790016818,1.84706667944,-0.422601128656,-1.56763646347,0.0711012982371
2.715950,0.319270950836,-0.57556274376,-0.238747849139,1.84623873329,-0.42170526828,-1.56783656864,0.071416584341
2.725936,0.318456623029,-0.574930857243,-0.238945239572,1.84528164292,-0.420835591913,-1.56796264218,0.0716161970836
2.735922,0.317757033128,-0.574030133558,-0.239088761056,1.84403137508,-0.419823504179,-1.56794999697,0.0713771531998
2.745909,0.31709050861,-0.573288363339,-0.239102280008,1.84269628454,-0.418770938938,-1.56783051171,0.0710702300706
2.755895,0.316489530135,-0.572810703169,-0.239306430584,1.84156144624,-0.417729262151,-1.56773095884,0.0708467811574
2.765881,0.316064879212,-0.57244534717,-0.239774626043,1.84057272168,-0.416673931458,-1.56774757686,0.0704726391067
2.775867,0.315777294295,-0.57195953435,-0.240231791193,1.83945921312,-0.415764784741,-1.56781968339,0.0701376499893
2.785854,0.315429888735,-0.571199988418,-0.240462138165,1.83817658746,-0.415069368398,-1.56779675845,0.070264749033
2.795840,0.314884728622,-0.570310492118,-0.240511213632,1.83697593038,-0.414333216849,-1.56768562019,0.0706523523011
2.805826,0.314204535347,-0.569732668523,-0.24048519763,1.83591010201,-0.413474575435,-1.56771769617,0.0706850942717
2.815812,0.313527246063,-0.569335003836,-0.240778327967,1.83476497142,-0.412441207398,-1.56781375382,0.0702773445211
2.825798,0.31284456927,-0.56886683422,-0.240983027149,1.8337337403,-0.411250981333,-1.56784699235,0.0698091479649
2.835785,0.312255307732,-0.567944763668,-0.241032771373,1.83260556875,-0.410267043247,-1.56794478296,0.0696709360793
2.845771,0.311758984481,-0.567198091619,-0.241078386786,1.83147992205,-0.40974731405,-1.56799597548,0.0695006061632
2.855757,0.311358793245,-0.56670751397,-0.241150712024,1.83048650741,-0.409221952602,-1.56794836575,0.069300861671
2.865743,0.311002783553,-0.565943156478,-0.24155038522,1.82948640415,-0.40825923787,-1.56800226386,0.0693420334067
2.875730,0.310599941915,-0.564966296585,-0.242044529559,1.82841743788,-0.407088257537,-1.56806000113,0.0693558437839
2.885716,0.310244122182,-0.564055201761,-0.242394927887,1.8273123366,-0.405977552599,-1.56808158962,0.0691832521168
2.895702,0.30998510989,-0.563395265151,-0.242584799381,1.8261754307,-0.404983631018,-1.56817140383,0.0690780605532
2.905688,0.309643887863,-0.562989488176,-0.242697563716,1.82499043313,-0.404130719896,-1.56831348243,0.0692219645371
2.915674,0.309065329047,-0.562583971551,-0.242827313073,1.8238331347,-0.403456305566,-1.56833179018,0.0693302022566
2.925661,0.308425464441,-0.561847555451,-0.243045471596,1.82281761464,-0.402771773749,-1.56827726299,0.069154851299
2.935647,0.307926996591,-0.561007955938,-0.243471437782,1.82181329046,-0.401719678866,-1.56829911102,0.0689110283571
2.945633,0.30753144934,-0.560332392603,-0.243961079364,1.82081172581,-0.400777352597,-1.56823493296,0.0686985278476
2.955619,0.307088607119,-0.559515953091,-0.244101632792,1.81989697229,-0.400258784262,-1.56809882719,0.068678478095
2.965606,0.306570651717,-0.558670951877,-0.244225753925,1.81899123816,-0.399523668995,-1.56806793611,0.068601507515
2.975592,0.306216212554,-0.557844328166,-0.24432261452,1.81815306486,-0.398594221716,-1.56821176739,0.0684512485385
2.985578,0.306212110561,-0.556995773942,-0.244524841668,1.81729942557,-0.397769823124,-1.5683014655,0.0683757114612
2.995564,0.306397352762,-0.556423540423,-0.244929898965,1.8163654381,-0.396956611762,-1.56832636057,0.0683686481191
3.005550,0.306463101264,-0.556103981387,-0.245318495038,1.81546779225,-0.395961940694,-1.56838713511,0.0682604757214
3.015537,0.306292495661,-0.55566221484,-0.24538789481,1.81469532591,-0.394904727568,-1.56837945748,0.0680358356673
3.025523,0.305983645592,-0.554913595534,-0.245263605553,1.81398447651,-0.394060675747,-1.56816030273,0.0679541830536
3.035509,0.30562719927,-0.554034821834,-0.245503783822,1.81330834485,-0.393378511168,-1.56799021584,0.06812900506
3.045495,0.305360584883,-0.553231976984,-0.246233307418,1.81269954991,-0.392515584676,-1.56822065071,0.0680444073911
3.055482,0.305479400152,-0.552883471984,-0.246811468611,1.81226536899,-0.3914649281,-1.56844408754,0.0673899093349
3.065468,0.305821762819,-0.552840128276,-0.246950952079,1.81169700628,-0.390649884626,-1.56838683429,0.0672082687527
3.075454,0.305979357579,-0.552412260742,-0.247112572823,1.81102188424,-0.389935581918,-1.56840682554,0.0677043969243
3.085440,0.306025845944,-0.551484792433,-0.247301970343,1.8107227679,-0.389176244662,-1.56835487327,0.0680059309636
3.095426,0.305964303853,-0.550636819046,-0.24730890646,1.81058377857,-0.388240955719,-1.56839631312,0.0678108050034
3.105413,0.305731435379,-0.550195437478,-0.247275998474,1.81020065211,-0.387104461116,-1.56859897074,0.0674360958976
3.115399,0.30559883918,-0.549945673956,-0.247392099098,1.80968581821,-0.386055831586,-1.56871698988,0.0672854261233
3.125385,0.305676182324,-0.549548214029,-0.247672724067,1.80936155442,-0.385211360045,-1.56856979217,0.0673565245894
3.135371,0.305800932123,-0.54889903845,-0.247993868625,1.8093646126,-0.384436413977,-1.56832750883,0.0673996933307
3.145358,0.305890235811,-0.548168198911,-0.248245038634,1.80951159357,-0.383720837776,-1.5682700267,0.0672775456385
3.155344,0.305986825595,-0.547638140778,-0.248425635002,1.80938453281,-0.383191090245,-1.56834364357,0.0669434309283
3.165330,0.306095570019,-0.547338163673,-0.248596576931,1.80895252075,-0.382623062043,-1.56829726342,0.0664487577436
3.175316,0.306435441289,-0.546855871368,-0.24876640733,1.80841262315,-0.382029857281,-1.56829583705,0.0663048426391
3.185302,0.306835739353,-0.54623877828,-0.24886516907,1.80799660633,-0.381473820851,-1.56833143872,0.0664616381813
3.195289,0.307028824465,-0.545712072749,-0.24899971917,1.80796809884,-0.380562405472,-1.56826741726,0.0664484242258
3.205275,0.307118908953,-0.545064806084,-0.249348988398,1.80787688214,-0.37954536821,-1.5683812763,0.066252623498
3.215261,0.307283566409,-0.544475373457,-0.249723242458,1.80753026883,-0.378696622274,-1.56857330743,0.0661046819995
3.225247,0.307574347474,-0.54408922091,-0.249892814288,1.80736368688,-0.377982143082,-1.56867762501,0.0661122892241
3.235234,0.307837482943,-0.543790893218,-0.24989553099,1.80750177624,-0.377363259094,-1.56870599943,0.0661317504805
3.245220,0.308083240302,-0.543434638421,-0.249907396247,1.8076421369,-0.376770656408,-1.56875348887,0.0661272369882
3.255206,0.308485511602,-0.54297619997,-0.249954635853,1.80752904856,-0.376108983058,-1.56882858622,0.0662765717195
3.265192,0.308969536034,-0.542374063748,-0.24998669208,1.80721462379,-0.375372108825,-1.56886324821,0.0665359928119
3.275178,0.309220631174,-0.541644552286,-0.250192312269,1.80689341188,-0.37455488174,-1.5688825281,0.0664037583597
3.285165,0.309347719265,-0.541104430645,-0.250375696723,1.80670972409,-0.373667103782,-1.56906412623,0.0659286639531
3.295151,0.309656808915,-0.540770183329,-0.250284169175,1.80656926239,-0.372833180775,-1.56910580937,0.0655598707885
3.305137,0.309975709766,-0.540373632008,-0.250521185508,1.8064087425,-0.372234932324,-1.56898319377,0.0655617104699
3.315123,0.310440989399,-0.540030825166,-0.250934580131,1.80645536983,-0.371763539598,-1.568760443,0.0655747563572
3.325110,0.31096739404,-0.539719001078,-0.25106648447,1.80668768876,-0.371305476498,-1.56866893207,0.0653047547135
3.335096,0.311261424902,-0.539401442695,-0.251237108104,1.80698747012,-0.37081924281,-1.56883153651,0.0652771684054
3.345082,0.31125898173,-0.539173672793,-0.25172300204,1.80717937674,-0.370207020622,-1.56901851753,0.0653732187354
3.355068,0.31122325277,-0.539066836828,-0.25208399495,1.80717673983,-0.36951159525,-1.56910098587,0.0653998783949
3.365054,0.311378633226,-0.539020968396,-0.251951911417,1.80719737965,-0.368729212143,-1.56909810238,0.0654699677506
3.375041,0.31166726025,-0.538944173563,-0.251680855694,1.80754942691,-0.367828429553,-1.56905391159,0.0656005523453
3.385027,0.311962719671,-0.538742960743,-0.251702640335,1.80814249838,-0.36706087567,-1.56907718856,0.0655362545097
3.395013,0.312334267992,-0.538453684693,-0.251783664107,1.80856990441,-0.366624805466,-1.56923659532,0.0654108539059
3.404999,0.312716188156,-0.538308472796,-0.252032780592,1.80870124726,-0.3658121105,-1.56929452504,0.0652518284344
3.414986,0.313094894373,-0.53848003675,-0.252468132699,1.80884376687,-0.364574338195,-1.5692212341,0.0651739299704
3.424972,0.313658859174,-0.538814897004,-0.252595491033,1.80940391735,-0.364027820164,-1.56922336088,0.0649083788648
3.434958,0.314343185825,-0.538890363246,-0.252656258416,1.81033928423,-0.363783524816,-1.56917838953,0.064618420569
3.444944,0.314929357996,-0.538910612751,-0.25266796204,1.81116941887,-0.363122084048,-1.569055818,0.0645458369844
3.454930,0.315495224029,-0.539162236226,-0.252627614486,1.81179299143,-0.362109042563,-1.5689859952,0.0644727052033
3.464917,0.316066412278,-0.539618554058,-0.252737696632,1.81246602683,-0.361105444899,-1.56910485775,0.0643299777911
3.474903,0.316592688406,-0.54004442789,-0.253088089998,1.81332091941,-0.360385969628,-1.56933529882,0.0642681313304
3.484889,0.317141884528,-0.540324853729,-0.253566290331,1.8143113613,-0.359940076119,-1.56946534953,0.064357275678
3.494875,0.317800908838,-0.540582912896,-0.253986277649,1.81536337048,-0.359499791785,-1.56940262214,0.0644302553556
3.504862,0.318451600633,-0.54091354585,-0.254116693805,1.81639236224,-0.358883172781,-1.56927169796,0.0643239101459
3.514848,0.319221864882,-0.541126616288,-0.253806983899,1.81753494505,-0.358352115884,-1.56925332514,0.0642431290692
3.524834,0.320266014206,-0.541635567551,-0.253518902512,1.8189450436,-0.35775956098,-1.56935790096,0.0642711406776
3.534820,0.321355469258,-0.542442208927,-0.253801395694,1.82039289153,-0.356794353328,-1.56931699995,0.0642238848373
3.544806,0.322396892232,-0.542914396031,-0.254280411294,1.82178682484,-0.35590964002,-1.56923604503,0.0641662440713
3.554793,0.32314350459,-0.543267091963,-0.254589308408,1.82309186041,-0.355197158488,-1.56916886386,0.0640025233368
3.564779,0.323577656463,-0.543729733047,-0.254720807903,1.82441977127,-0.354542487597,-1.56913448417,0.0638081416861
3.574765,0.324199271432,-0.544177760452,-0.254726167459,1.82578823647,-0.353897140529,-1.5692315772,0.0638695293941
3.584751,0.325259752492,-0.544582855408,-0.254784436576,1.82722932167,-0.353220463628,-1.56934408421,0.0640409286771
3.594738,0.326445378068,-0.545220847039,-0.255060987472,1.82882338183,-0.35249958378,-1.56934539592,0.0639600089673
3.604724,0.327412628877,-0.546229095269,-0.255432253262,1.83054864709,-0.351834879672,-1.56929616312,0.0636523704266
3.614710,0.328254432355,-0.547255305438,-0.255555243885,1.83234495283,-0.351339509863,-1.56930084524,0.0635266205988
3.624696,0.329172386537,-0.547950806198,-0.255402251947,1.8344010042,-0.350873736645,-1.56931422225,0.06366091952
3.634682,0.330288914002,-0.548573051398,-0.255445466206,1.83666271334,-0.350203185103,-1.56932371243,0.0636665486651
3.644669,0.331311433965,-0.549097499951,-0.255748674963,1.83880390891,-0.349539256308,-1.56927293747,0.0632387615292
3.654655,0.331997580415,-0.549710472576,-0.255837477231,1.84083778464,-0.349002015265,-1.56930769591,0.0629778175483
3.664641,0.332919241527,-0.550888456765,-0.25591972802,1.84302655496,-0.348347125523,-1.56954839016,0.0632684767902
3.674627,0.333915487335,-0.552136661447,-0.256052755682,1.84538322343,-0.347588177681,-1.56966682424,0.0636472333137
3.684614,0.334824004257,-0.553138012501,-0.256031981415,1.84758275606,-0.346841975549,-1.56963675299,0.0636775387891
3.694600,0.335830809454,-0.553947210365,-0.256045708551,1.84955745262,-0.346250081624,-1.56960522395,0.0634722408051
3.704586,0.336878399235,-0.554821493708,-0.256322897446,1.85155527966,-0.345831058329,-1.56961170846,0.0633062838932
3.714572,0.337760519282,-0.555984018515,-0.256677088281,1.85383621323,-0.34545989938,-1.56957308377,0.0632668834401
3.724558,0.338537438852,-0.55736791397,-0.256797474714,1.85631968019,-0.345060213747,-1.56945423858,0.0633115657176
3.734545,0.339409183093,-0.558668960022,-0.256781010411,1.85865604549,-0.344692964991,-1.56939891558,0.0633889341456
3.744531,0.34021760067,-0.559853833196,-0.256884557518,1.86081827295,-0.34427918679,-1.56960843794,0.0633069941275
3.754517,0.341077073324,-0.560992159004,-0.257275803158,1.86309509275,-0.343646320425,-1.56976808785,0.0630755104558
3.764503,0.342142762342,-0.561885832937,-0.257712374686,1.86530538938,-0.343071426395,-1.56963911555,0.0631869108463
3.774490,0.342974170264,-0.562832600661,-0.257820081477,1.86712610614,-0.342779057001,-1.56959091238,0.063209732913
3.784476,0.343818023155,-0.563883725185,-0.257683470585,1.86887237594,-0.342488386602,-1.5696711408,0.0626467036684
3.794462,0.344711758963,-0.564750317223,-0.257479003815,1.8708315834,-0.342117021261,-1.56966931872,0.0622314496003
3.804448,0.34564399954,-0.565524051947,-0.257532938537,1.87280872451,-0.34159352812,-1.56967631592,0.0623822334488
3.814434,0.346634936364,-0.566287242143,-0.257796261855,1.87460644628,-0.340899221055,-1.56980560741,0.0627972174236
3.824421,0.347551407839,-0.567109256956,-0.258026279859,1.87622829872,-0.340233064078,-1.56981742543,0.0630877017128
3.834407,0.348345453069,-0.567983467026,-0.258194714235,1.87773461458,-0.339671557172,-1.56953603577,0.063104502654
3.844393,0.349199436767,-0.568746242752,-0.258429577728,1.87913798676,-0.339013694515,-1.56926815419,0.062944056464
3.854379,0.350208912615,-0.569284853674,-0.258615194122,1.88050618995,-0.338209209756,-1.56937469583,0.0628226455619
3.864366,0.351260645529,-0.569853636534,-0.258515129344,1.88194266342,-0.337533485089,-1.56958474153,0.0625859853116
3.874352,0.352424024654,-0.570331382681,-0.25833276302,1.88309493967,-0.337075407524,-1.56968115404,0.0619602340543
3.884338,0.353623785901,-0.570536948623,-0.258129438707,1.88387597805,-0.336660124218,-1.56985576468,0.061666608793
3.894324,0.354740752147,-0.570468510234,-0.258067986703,1.88465681639,-0.335881383068,-1.57004405216,0.0618146473227
3.904310,0.35607535805,-0.570201379801,-0.258413628311,1.88536981279,-0.334954925213,-1.57018231205,0.0618246746984
3.914297,0.357248979232,-0.569935029974,-0.258587085247,1.88609984998,-0.33427478919,-1.57023588988,0.0616440863242
3.924283,0.357977189946,-0.569647641276,-0.258482619529,1.88680064449,-0.333947726494,-1.57021256037,0.0615484723857
3.934269,0.358515069923,-0.56940111969,-0.258483085219,1.88725231189,-0.333723309955,-1.57010774758,0.0616117273914
3.944255,0.35910862572,-0.56912950819,-0.258771833641,1.88742726366,-0.333305185477,-1.5700001119,0.0617153954002
3.954242,0.359788590527,-0.568696172096,-0.259124719089,1.8875472886,-0.332710610962,-1.56996009896,0.0617138660378
3.964228,0.360535053909,-0.568168983651,-0.259281598231,1.88776103095,-0.332171379592,-1.56988751987,0.0615607292462
3.974214,0.361252947782,-0.567716146435,-0.259306361792,1.88793886068,-0.331699749188,-1.56968207455,0.06138315464
3.984200,0.361945876039,-0.567250633001,-0.259593613728,1.8879026247,-0.33124271965,-1.5696921284,0.0612890253106
3.994186,0.362727756792,-0.566638561042,-0.259920929608,1.88779556856,-0.330550944887,-1.56996025613,0.0609985282597
4.004173,0.363474209815,-0.565822514683,-0.2600414185,1.88772760693,-0.329700011652,-1.57004915346,0.0608169559048
4.014159,0.364234464312,-0.565261221345,-0.259884974997,1.88753132639,-0.329197691552,-1.56988326617,0.06086050195
4.024145,0.365068625157,-0.564833287518,-0.259499601638,1.88722517489,-0.328854226575,-1.56962428574,0.0610507650829
4.034131,0.365810405316,-0.564227371638,-0.259494502223,1.88692923784,-0.328454569791,-1.56961484551,0.0610756248787
4.044118,0.366588259247,-0.563522732434,-0.259858644708,1.88667927696,-0.328026374014,-1.56994287308,0.0608376598895
4.054104,0.36750697655,-0.563016549939,-0.260212036742,1.88637721865,-0.327506522017,-1.57018008825,0.060685396373
4.064090,0.368345706285,-0.562710500482,-0.26034450596,1.88602665856,-0.326842112055,-1.57008278816,0.0607568650507
4.074076,0.368915770474,-0.562391589527,-0.26033753636,1.88578654266,-0.326169275254,-1.56992014081,0.0607823002518
4.084062,0.36947750021,-0.562056097706,-0.26041410728,1.88567818362,-0.325648567227,-1.56990259015,0.060658246271
4.094049,0.370350374143,-0.561793787861,-0.260808598656,1.88541745314,-0.325192502434,-1.56978544428,0.0606980374309
4.104035,0.371428832164,-0.561487160723,-0.26124833537,1.88501005439,-0.32472052158,-1.56978813878,0.060961316547
4.114021,0.372305505314,-0.561087739995,-0.26151683527,1.88474010646,-0.324015081359,-1.5700007237,0.0609156645157
4.124007,0.372938337264,-0.560667631399,-0.261281554628,1.88463870771,-0.323382757314,-1.56999640766,0.0607747338075
4.133994,0.37363038241,-0.560210797082,-0.260789348906,1.88460931625,-0.323021609158,-1.569953451,0.0606176045583
4.143980,0.37479461126,-0.559743954321,-0.260630270266,1.88443860502,-0.322596890659,-1.57006228808,0.0603932367515
4.153966,0.376066592926,-0.559415060188,-0.260813129321,1.88403044776,-0.322104865999,-1.57020343935,0.0603395112562
4.163952,0.37700898803,-0.559236388391,-0.261179647351,1.88348262327,-0.321579069091,-1.57027218415,0.060466354988
4.173938,0.377911788257,-0.559061949149,-0.261452273677,1.88294773496,-0.321032878922,-1.57028731868,0.0605874932452
4.183925,0.378970034276,-0.558600106682,-0.261380166214,1.88247252116,-0.320565564923,-1.57027377065,0.0606449953508
4.193911,0.379792100482,-0.557836006506,-0.261156011613,1.88202822757,-0.32020644046,-1.57022789622,0.0606268405
4.203897,0.380271420116,-0.557324499011,-0.261333925251,1.88164310806,-0.319754606115,-1.57022452701,0.0603154875834
4.213883,0.381022715456,-0.557326579105,-0.261735246737,1.88133943696,-0.319204503364,-1.57036614517,0.0597303971904
4.223870,0.382224709121,-0.557288628418,-0.261714611548,1.88094832272,-0.318807787127,-1.5704487223,0.0594763781032
4.233856,0.383187580902,-0.557096467551,-0.261712621554,1.88019731051,-0.318556535442,-1.57030432955,0.0597791327838
4.243842,0.383861975507,-0.556596855375,-0.261879842335,1.87926229226,-0.318122316147,-1.57019113571,0.0598377668466
4.253828,0.384781906621,-0.556075890043,-0.26203130634,1.87862508398,-0.317608082312,-1.57020391131,0.0597263100721
4.263814,0.385950558825,-0.555603365473,-0.262164899252,1.87814756235,-0.316844346702,-1.57026351911,0.0597239497838
4.273801,0.387042268027,-0.555089436522,-0.262170576392,1.87754325489,-0.315954345544,-1.57019749124,0.0595074742375
4.283787,0.387980063963,-0.554532989947,-0.262169075944,1.87691445388,-0.315529068566,-1.57012813973,0.0591508828679
4.293773,0.388904661525,-0.553947887184,-0.262299774098,1.87635163512,-0.315602844643,-1.57024057021,0.0590297136357
4.303759,0.389965709417,-0.553337277653,-0.262406761184,1.87573163806,-0.315530117489,-1.57046299488,0.0592572169052
4.313746,0.391134403482,-0.552764623704,-0.262271648567,1.8750026785,-0.314978410175,-1.57058163738,0.0596097755219
4.323732,0.392154353241,-0.552299716202,-0.2620977115,1.87437608484,-0.314412425885,-1.57057798023,0.0598897764094
4.333718,0.392907062713,-0.551847439653,-0.262155039246,1.87398862001,-0.313943924662,-1.57048004927,0.0599047053594
4.343704,0.393794078638,-0.551646567222,-0.262411198087,1.87373885761,-0.313490249421,-1.57026427219,0.059864082962
4.353690,0.395091366501,-0.551725565003,-0.262496455306,1.87335254155,-0.313143431566,-1.57028194557,0.0597440384687
4.363677,0.396476479653,-0.551420948631,-0.262545073876,1.87267674058,-0.312944453866,-1.57034669672,0.059554757823
4.373663,0.397836170168,-0.550998859328,-0.262745017717,1.87200023996,-0.312546066497,-1.5703327668,0.0595936797601
4.383649,0.39918496756,-0.550611751789,-0.26276955169,1.8715794875,-0.311837119347,-1.57038809995,0.0597383761355
4.393635,0.400418512515,-0.550059473225,-0.262708818524,1.87140476169,-0.311182355356,-1.57035124896,0.0598538863417
4.403622,0.401641772885,-0.54941588799,-0.262681822922,1.87127047382,-0.310713909734,-1.57012054152,0.0598169595494
4.413608,0.403008036654,-0.548962230525,-0.262666948051,1.87100823739,-0.310264283639,-1.56995613212,0.0595072758897
4.423594,0.40439567237,-0.548797378306,-0.262691507049,1.87071522941,-0.309776211551,-1.57007262286,0.0590093214239
4.433580,0.405632970153,-0.548701750752,-0.262849108154,1.87054118809,-0.309392065333,-1.57028274244,0.0586344004085
4.443566,0.407024951861,-0.548410984559,-0.262969944114,1.87024835593,-0.309045922433,-1.57043901043,0.0585250738473
4.453553,0.408664537167,-0.548078100848,-0.262708205882,1.86987632427,-0.308517417014,-1.57063412873,0.0586079916211
4.463539,0.409931405168,-0.547764649889,-0.262442794895,1.86975522829,-0.307824099739,-1.57059907647,0.0587505451995
4.473525,0.41100354022,-0.547251657061,-0.26265839128,1.86948604714,-0.30728768448,-1.57036631159,0.0590931506801
4.483511,0.412508853684,-0.54703989687,-0.263130108519,1.86904004343,-0.306941954868,-1.57032562479,0.0590992573735
4.493498,0.414164942465,-0.546960631659,-0.263776093662,1.86863351301,-0.306554843246,-1.57035849215,0.0587678527792
4.503484,0.415605399385,-0.546809179742,-0.264250353798,1.86826487123,-0.306140338081,-1.57038986094,0.0587448280576
4.513470,0.417011811734,-0.54656525309,-0.264279896273,1.86790042147,-0.305723427771,-1.57022475077,0.0589850944771
4.523456,0.41853471581,-0.546261074982,-0.264073484027,1.86753981567,-0.305308578463,-1.56999672721,0.0591156505201
4.533442,0.420016378253,-0.545829515486,-0.264006668232,1.86720322872,-0.304895782446,-1.5700404725,0.0591580531565
4.543429,0.421377815622,-0.545305345389,-0.264200626326,1.86692957104,-0.304516003175,-1.57039493788,0.0593239136236
4.553415,0.422836909453,-0.544963398237,-0.26447213844,1.86672179133,-0.304220912382,-1.57068420384,0.0594429568521
4.563401,0.424359178471,-0.544842302584,-0.264490803401,1.86641759675,-0.303946383495,-1.57062309355,0.0593672059725
4.573387,0.425754363203,-0.544639408878,-0.264136229636,1.86588306061,-0.303440905387,-1.57041048798,0.0594702686114
4.583374,0.427083780902,-0.544477052326,-0.263912661584,1.8652905718,-0.303026903426,-1.57047305792,0.0596873114744
4.593360,0.428584212445,-0.543923252648,-0.263837154741,1.86481074833,-0.302985727008,-1.57065159903,0.0593560339769
4.603346,0.430237345167,-0.543106623469,-0.263693919224,1.86419201474,-0.302825940044,-1.57054589242,0.058971855279
4.613332,0.431746960351,-0.542551441782,-0.26373141027,1.86357170516,-0.302538219078,-1.57035376176,0.0590984416386
4.623318,0.433129363346,-0.542309147877,-0.263932546489,1.86312971483,-0.302083528579,-1.57034074359,0.0592466532828
4.633305,0.434567522882,-0.542208609563,-0.264029820582,1.86275912266,-0.301550330881,-1.57036885424,0.0591916970748
4.643291,0.436117627202,-0.542014808665,-0.264078512217,1.86228687389,-0.30112654996,-1.57037474755,0.0591443712798
4.653277,0.437703731541,-0.541646893007,-0.264265951325,1.86165486944,-0.300929660287,-1.57054984863,0.0590631553244
4.663263,0.439265701903,-0.541211975066,-0.264457941028,1.86099325678,-0.300945135825,-1.57090392407,0.0587632929975
4.673250,0.440785943654,-0.540766170457,-0.264367295759,1.86051584556,-0.301082140865,-1.57103435417,0.0586393380232
4.683236,0.442234932721,-0.540265789341,-0.264110969015,1.86007951499,-0.30114329767,-1.57084963023,0.0589392501133
4.693222,0.44383522079,-0.540041498959,-0.26409541099,1.8594949759,-0.30101450782,-1.57076388118,0.0589118359239
4.703208,0.445721805858,-0.540132414423,-0.264130543304,1.85897838219,-0.300495686569,-1.57062647117,0.0590117991461
4.713194,0.447277098104,-0.539968541646,-0.264101865491,1.85854589969,-0.299907334177,-1.57056686076,0.0594514211372
4.723181,0.448681325748,-0.539567591788,-0.264228753525,1.85819051065,-0.299251978483,-1.5707396658,0.0594925487832
4.733167,0.450077190365,-0.539191375843,-0.264390764164,1.8578255098,-0.29878910741,-1.57076772561,0.059271806021
4.743153,0.451558781864,-0.53903016315,-0.264594017901,1.85725957145,-0.298641370195,-1.57063587381,0.0590216455652
4.753139,0.453116024626,-0.538932931804,-0.264576471317,1.85651679562,-0.298566326565,-1.57061559561,0.0588206890905
4.763126,0.454732363965,-0.538704456164,-0.264223338337,1.85573972207,-0.298413260006,-1.57075139355,0.0586865408187
4.773112,0.456388254861,-0.538312190715,-0.263959591578,1.85507895723,-0.298235372193,-1.57085507243,0.0587206542521
4.783098,0.45804873398,-0.537821804594,-0.264201868338,1.8546011233,-0.297973050161,-1.5708509994,0.0589398140983
4.793084,0.459708842181,-0.537369809788,-0.264524490553,1.85419273056,-0.297504616791,-1.57081065393,0.0590400622912
4.803070,0.46124772103,-0.537254351442,-0.264457960875,1.85383071173,-0.297303029431,-1.57069849273,0.0589362854267
4.813057,0.462683214161,-0.53725653043,-0.264277648438,1.85335616884,-0.297163631664,-1.57068771433,0.0587000674265
4.823043,0.464507617576,-0.537034202463,-0.264137959777,1.85282121258,-0.296644640375,-1.57069198294,0.0587529063206
4.833029,0.466207322581,-0.536530355869,-0.264330504334,1.85244182984,-0.296129183785,-1.57065644359,0.0590234380318
4.843015,0.467654528086,-0.536055582277,-0.264798809144,1.85196248632,-0.295953290707,-1.57056410789,0.0589611583725
4.853002,0.469195488356,-0.535748558281,-0.265147322302,1.85136103876,-0.295919472426,-1.5705761513,0.0587784858841
4.862988,0.470861681542,-0.535645131387,-0.265255349079,1.85095793445,-0.295778722347,-1.57077347462,0.0587800043917
4.872974,0.472437803441,-0.535790116393,-0.265270247429,1.85080338564,-0.295493645581,-1.57097206748,0.0587875216846
4.882960,0.473845852004,-0.535993046916,-0.265372249053,1.85058828862,-0.295146512004,-1.57098350638,0.0586651019774
4.892946,0.475235755474,-0.535956352556,-0.265477423604,1.85011960561,-0.294919183165,-1.57086244823,0.0585895659297
4.902933,0.476765345926,-0.535563144328,-0.265321017155,1.84958204775,-0.294898062128,-1.57080377958,0.0586316088327
4.912919,0.478453060312,-0.534765713398,-0.264998885462,1.84913377021,-0.294678938321,-1.57082875581,0.0586307118797
4.922905,0.480215551895,-0.533994933952,-0.264803763108,1.84870331556,-0.294331193413,-1.57066498922,0.0588579803504
4.932891,0.481872277582,-0.533999565117,-0.265046722927,1.84831669117,-0.294286097518,-1.57044233988,0.0589748138613
4.942878,0.483461321503,-0.533869779257,-0.265051371873,1.84803781639,-0.294236444944,-1.5705117712,0.0589006857442
4.952864,0.48517012441,-0.533433564717,-0.265245567496,1.84771978179,-0.293969314056,-1.57055491545,0.0589951427985
4.962850,0.486706162535,-0.533286699613,-0.265461663714,1.84721404925,-0.293710656828,-1.57061943111,0.0590894291902
4.972836,0.488010631752,-0.533354449666,-0.265444055246,1.84662311608,-0.293644211421,-1.5708354381,0.058985737233
4.982822,0.489291131448,-0.533372018256,-0.265417050181,1.84602877723,-0.293742769987,-1.57102490932,0.0587478796956
4.992809,0.490645705666,-0.533203714013,-0.265595783347,1.84543549441,-0.29386458011,-1.57100101347,0.0585795880342
5.002795,0.492077701944,-0.53292454902,-0.265810907208,1.84487534971,-0.293940343456,-1.57081164398,0.058493629103
5.012781,0.493615924367,-0.532649024448,-0.265844849206,1.84446483979,-0.293934434819,-1.57070920918,0.0582989728775
5.022767,0.495269452836,-0.532438832877,-0.26577763686,1.84429583382,-0.293800082035,-1.57087586305,0.0579981387297
5.032754,0.497014484005,-0.53247577362,-0.265570867736,1.84424380052,-0.293758888354,-1.5710779093,0.0579531160992
5.042740,0.498645516936,-0.532215153683,-0.265626482775,1.84394814114,-0.293808398065,-1.5710037227,0.0580007058099
5.052726,0.500201016719,-0.531780436942,-0.266096539131,1.84367955406,-0.293762741277,-1.57097248885,0.0578456187237
5.062712,0.501987763629,-0.531611302539,-0.266067215826,1.84347981812,-0.294099274559,-1.57099071293,0.0580968422098
5.072698,0.503839078126,-0.531210796161,-0.265539234549,1.84324124098,-0.294475503978,-1.57098209553,0.0584502744918
5.082685,0.505572219456,-0.530805324286,-0.265596869031,1.84294610152,-0.294851873645,-1.57099466888,0.0585187922929
5.092671,0.50664901173,-0.530649782529,-0.266085654146,1.84238249953,-0.295185953669,-1.57099203453,0.0584937726296
5.102657,0.507328924557,-0.530511943499,-0.266362794831,1.84170222113,-0.295670144429,-1.57095207394,0.0582943532761
5.112643,0.508231870038,-0.530423218583,-0.266234013079,1.84112347387,-0.296437156791,-1.57082862969,0.0578480966826
5.122630,0.509517896489,-0.530414104505,-0.265906793177,1.84065885716,-0.297416200276,-1.57072749495,0.0574479647615
5.132616,0.510946557695,-0.530235252677,-0.265667567514,1.84027167368,-0.298445821928,-1.57079144115,0.0572963606209
5.142602,0.512503084553,-0.53000422956,-0.26581445982,1.84005439564,-0.299384074486,-1.57084841866,0.0570121586401
5.152588,0.514175612827,-0.529923120619,-0.266173750553,1.83995660564,-0.300170380567,-1.57090760891,0.056560851633
5.162574,0.515477389803,-0.529738556578,-0.266180594194,1.83967072536,-0.300661595901,-1.57113387326,0.0562385426496
5.172561,0.517214052428,-0.52972080454,-0.265808445448,1.83946620792,-0.301139426011,-1.57105676509,0.0562297117583
5.182547,0.518778366727,-0.529396641233,-0.265677200153,1.83896102943,-0.301933615178,-1.57105158068,0.0563892840017
5.192533,0.520271401118,-0.529074540056,-0.265859833551,1.83853539563,-0.302616567402,-1.57116488175,0.0565969644122
5.202519,0.521737681152,-0.528991541526,-0.266225100377,1.83835971166,-0.303274139292,-1.57121896195,0.0565249490143
5.212506,0.522860783619,-0.528916954963,-0.266388924045,1.8381528436,-0.304060408013,-1.57125103852,0.0562239831876
5.222492,0.523895001065,-0.528626940535,-0.266211855812,1.83797745666,-0.304847152724,-1.57133316595,0.0560879488052
5.232478,0.525255686822,-0.528315995732,-0.265997983142,1.83789653261,-0.305516124929,-1.57138859798,0.0561868989875
5.242464,0.526829050721,-0.528203974829,-0.266006423942,1.83786829504,-0.306243471174,-1.57128373088,0.0562146905845
5.252450,0.528194398766,-0.528141488895,-0.266135023877,1.83792524697,-0.307159210235,-1.57108163382,0.0560400474581
5.262437,0.529401960573,-0.528071969929,-0.266350909062,1.83792273988,-0.307876406937,-1.57103481415,0.055858483639
5.272423,0.530752211779,-0.528269821702,-0.266613179926,1.83782563878,-0.308363152157,-1.57101654367,0.0556659971585
5.282409,0.532068465344,-0.528360433964,-0.266568950447,1.83805631026,-0.30935717062,-1.57092250045,0.0555638659928
5.292395,0.533047467406,-0.52813977644,-0.266564021798,1.83851860127,-0.310221790265,-1.57105146979,0.0556592058469
5.302382,0.534076802993,-0.527814810513,-0.266580607193,1.83897995279,-0.31078015688,-1.57120368082,0.0557503888745
5.312368,0.535577899136,-0.527651440876,-0.266477028131,1.83918360093,-0.311667903744,-1.57122362109,0.0556109411642
5.322354,0.537108772329,-0.527864980613,-0.266368142062,1.83948851163,-0.312707906102,-1.57114226295,0.0555805795454
5.332340,0.538501553518,-0.528160647702,-0.266369988378,1.84000905541,-0.313531167725,-1.57107627068,0.0555868271346
5.342326,0.539678435705,-0.528254975759,-0.266600366854,1.84050920416,-0.314464959186,-1.57105264023,0.0554718383889
5.352313,0.540732531464,-0.528327611984,-0.266962197876,1.84087875907,-0.315672666521,-1.57100637934,0.0554391164176
5.362299,0.541904967308,-0.528643805563,-0.26708012947,1.84137919017,-0.316767820271,-1.5709829003,0.0556358540171
5.372285,0.543294070251,-0.529021812509,-0.266727053012,1.84226672226,-0.317679508107,-1.57111456519,0.0557221586129
5.382271,0.544841915134,-0.529240786853,-0.266314820796,1.84330306665,-0.318849759794,-1.57120195613,0.0556074381919
5.392258,0.546298809316,-0.529533761088,-0.266304547229,1.84421929166,-0.320046442397,-1.57107289452,0.0555821879803
5.402244,0.547515978885,-0.529934667374,-0.266248697522,1.84517627313,-0.321122361441,-1.57095773399,0.055573461432
5.412230,0.548472809088,-0.530495257513,-0.266528663099,1.84622031117,-0.322619506424,-1.57104446237,0.055531463351
5.422216,0.549681082889,-0.531088404995,-0.266716268357,1.84732508466,-0.323862763151,-1.57106606889,0.0554211394073
5.432202,0.551190925068,-0.531794026947,-0.266654992574,1.84840548029,-0.324870764633,-1.57099260607,0.0554070831843
5.442189,0.552853017401,-0.53276415888,-0.266475595821,1.84948512087,-0.325842738244,-1.57102434784,0.0555748159519
5.452175,0.554208154819,-0.533446285062,-0.2664772792,1.8505000444,-0.327049642342,-1.57111193972,0.0557080813127
5.462161,0.555275593252,-0.533783448411,-0.266662071793,1.8515538404,-0.3284941785,-1.57121381355,0.0557359924209
5.472147,0.556444596556,-0.53423643421,-0.26664993818,1.8528161414,-0.329913427007,-1.57134796886,0.0557738884159
5.482134,0.55776751513,-0.534940261412,-0.266263393129,1.8542870167,-0.331283829807,-1.57141765055,0.0557905851054
5.492120,0.559002755389,-0.535673389115,-0.265974102822,1.85579170554,-0.332934421404,-1.57131351194,0.0556032156347
5.502106,0.560469353469,-0.536522183142,-0.266148823341,1.85707245628,-0.334569492428,-1.57126162106,0.0553902203892
5.512092,0.561784736229,-0.53693160824,-0.266445932409,1.85829594407,-0.336126904038,-1.57118494143,0.0554376538142
5.522078,0.563091474654,-0.537382756062,-0.266467926953,1.85991117915,-0.337721598527,-1.5712927518,0.0554301105794
5.532065,0.564749428068,-0.538276195731,-0.266233420137,1.8617631057,-0.339616842067,-1.57144023557,0.0551973248928
5.542051,0.566590915172,-0.539248050611,-0.266014222814,1.86341474847,-0.341386410704,-1.5713416931,0.0552921586811
5.552037,0.567970070654,-0.540021285744,-0.265823341873,1.86513842063,-0.343010638152,-1.57120620742,0.0556139126484
5.562023,0.568790700647,-0.540977269182,-0.265875449616,1.86703244353,-0.344765762269,-1.57113246576,0.055793246621
5.572010,0.569784479716,-0.542121280156,-0.26623972164,1.86885724002,-0.346618548483,-1.57112830901,0.0557295590918
5.581996,0.571099039,-0.543142679877,-0.266445719484,1.87062432706,-0.348418464218,-1.57114788174,0.0556348089752
5.591982,0.572353954414,-0.544073918174,-0.26623576166,1.87252480702,-0.350150653207,-1.57121629308,0.0556120860411
5.601968,0.573538809315,-0.545151006071,-0.266072307977,1.87456409944,-0.351895621648,-1.57137194393,0.0555220032013
5.611954,0.574794737305,-0.546059410814,-0.266236402527,1.87667009339,-0.353672526604,-1.57144505439,0.0553476268221
5.621941,0.576073806983,-0.546679435435,-0.266386908025,1.87862621144,-0.355337654027,-1.57137865285,0.055141001688
5.631927,0.57757498357,-0.547740284703,-0.266425824556,1.8803596856,-0.357104657747,-1.5713428485,0.0553606471508
5.641913,0.578978815275,-0.548949698266,-0.266282845793,1.88224024721,-0.358928561586,-1.57144648483,0.0554950421268
5.651899,0.580167767112,-0.549743838751,-0.266172171094,1.88457983237,-0.360780554526,-1.57124742652,0.055319304125
5.661886,0.581558348606,-0.550599181751,-0.266111120041,1.88723959177,-0.362910596001,-1.57117604492,0.055387345515
5.671872,0.582796477176,-0.551547579827,-0.266030978521,1.88971390045,-0.364922804871,-1.57124663977,0.0556954898931
5.681858,0.583873351825,-0.552818188501,-0.265896352734,1.89174413826,-0.366937834768,-1.57121356686,0.0557806278312
5.691844,0.584948745776,-0.554251113238,-0.265836357267,1.89369760139,-0.369000624815,-1.57107075878,0.055587380768
5.701830,0.586281907956,-0.555532804446,-0.265855867285,1.89576533218,-0.371070065606,-1.57098572927,0.0554841109062
5.711817,0.587835950884,-0.556657506307,-0.265842000441,1.89775105022,-0.373156531054,-1.57102414475,0.0556531717201
5.721803,0.589219431158,-0.557770684442,-0.265729618847,1.89965859636,-0.375259121964,-1.57106700553,0.0558003653238
5.731789,0.590512808312,-0.558750043451,-0.265423190216,1.90173209242,-0.377360498831,-1.57096475454,0.0556157587916
5.741775,0.591623919656,-0.559756945903,-0.265380157635,1.90396079062,-0.379208932193,-1.57086012996,0.0552415528914
5.751762,0.591792117086,-0.560889123647,-0.265545724263,1.90642180402,-0.381094712746,-1.57116312949,0.0552692079965
5.761748,0.592587850386,-0.562110210367,-0.265399250543,1.90866879147,-0.383239322455,-1.5714605064,0.0553353467822
5.771734,0.593868513731,-0.563569832762,-0.265105816005,1.91072762559,-0.385080235835,-1.57150670607,0.0553172163627
5.781720,0.595305578707,-0.564761986485,-0.264690782418,1.91278874315,-0.386876037801,-1.571309586,0.0554377984727
5.791706,0.596149857788,-0.565749576687,-0.264448588434,1.91493955164,-0.388968159328,-1.571223281,0.0554808306969
5.801693,0.596484457377,-0.566757758138,-0.264442013582,1.91720783227,-0.39136877305,-1.57137443789,0.0554876619855
5.811679,0.59697028079,-0.567885322356,-0.2643956874,1.91938607225,-0.393779747991,-1.57151245294,0.0554826163103
5.821665,0.597735092838,-0.569054569196,-0.263983802533,1.92131737692,-0.396005334361,-1.5714034368,0.0554711629132
5.831651,0.598490259326,-0.570212376739,-0.26326612587,1.92317281649,-0.398142707627,-1.57115683338,0.055477039002
5.841638,0.599342513836,-0.571460621045,-0.262695588929,1.92524703555,-0.400276903296,-1.57105230182,0.0554550824193
5.851624,0.600112096226,-0.572758832714,-0.262397648761,1.92753244579,-0.40220976936,-1.57111055547,0.0554719954015
5.861610,0.600624041757,-0.573795666752,-0.261967325673,1.92962033042,-0.404067553217,-1.57107542659,0.0554381112836
5.871596,0.600815077157,-0.575003484573,-0.261470194889,1.93164406359,-0.406307547959,-1.57117282088,0.0554340528492
5.881582,0.601525230498,-0.576441250271,-0.261245179036,1.93366983215,-0.4083482048,-1.57144488273,0.0553194713624
5.891569,0.602577331629,-0.577462474315,-0.260995841348,1.93562228164,-0.41010645606,-1.57130391394,0.0553539303649
5.901555,0.603575352373,-0.578606132121,-0.260896981412,1.93774073055,-0.411996248612,-1.57119781076,0.0553163419003
5.911541,0.604392271249,-0.580170426128,-0.260898141233,1.9399720263,-0.413920411215,-1.5711954736,0.0552365305926
5.921527,0.604784587339,-0.581556176061,-0.260825238267,1.94192976861,-0.415949409579,-1.57122395249,0.0552150421068
5.931513,0.605040706018,-0.582634532409,-0.260666790001,1.94367034587,-0.417831494645,-1.57134840841,0.0551580971051
5.941500,0.60560493079,-0.583867872005,-0.260445468996,1.9455417033,-0.419523726401,-1.57146119595,0.0551161522757
5.951486,0.606435085587,-0.58533614659,-0.260126505729,1.94748941701,-0.421490071977,-1.57130164152,0.0552544341786
5.961472,0.607240375347,-0.586649408202,-0.259794393504,1.94917110251,-0.423627305488,-1.57104953513,0.0553280177258
5.971458,0.607721379883,-0.587941968153,-0.259471103435,1.95084827051,-0.42512254775,-1.57108332287,0.0552553865933
5.981445,0.608314331035,-0.588993611853,-0.259242132664,1.95242781008,-0.426402010553,-1.57129208085,0.0551669656506
5.991431,0.609166078822,-0.590028708962,-0.259428214194,1.9548535338,-0.427995629304,-1.57125128955,0.0551723682326
6.001417,0.609882399914,-0.591430404648,-0.259583797798,1.95719941495,-0.429395392852,-1.57111139197,0.0549474165705
6.011403,0.610204470997,-0.592785960126,-0.259553474556,1.95894270614,-0.430797936311,-1.57140503559,0.0550353751392
6.021389,0.610666753367,-0.594060011442,-0.259543636113,1.96094950289,-0.432232823384,-1.57156400207,0.0550684557026
6.031376,0.611602492102,-0.595349284458,-0.259225694846,1.96301920455,-0.43335607101,-1.57149606562,0.0550182836257
6.041362,0.612581272268,-0.596810330789,-0.258997926093,1.96492751878,-0.434455984904,-1.57141717297,0.0551593697814
6.051348,0.61325009767,-0.598165090598,-0.259049233548,1.96676944214,-0.435491504072,-1.57139692951,0.0553551290737
6.061334,0.61373697014,-0.599362951501,-0.259045500428,1.96878126038,-0.436152021369,-1.57133300003,0.0554142976085
6.071321,0.614167753397,-0.600833112043,-0.258927132368,1.9709579572,-0.436773881919,-1.57119146827,0.0554726926529
6.081307,0.614430721538,-0.602205826262,-0.25892232639,1.97284463061,-0.437857269491,-1.5710866249,0.0553419107919
6.091293,0.614805380228,-0.60326751706,-0.258863884419,1.97473585553,-0.439034931569,-1.57118040211,0.0552119528127
6.101279,0.61557433689,-0.604650639497,-0.259125171775,1.97654685033,-0.439715109978,-1.57118439474,0.0553554721983
6.111265,0.616099910942,-0.606318270839,-0.259366947999,1.97799003244,-0.440143093261,-1.57094890061,0.0556348461398
6.121252,0.616913550655,-0.607566769726,-0.259401988006,1.98002897979,-0.440466164461,-1.57100326817,0.0557496532531
6.131238,0.617657117506,-0.60858102823,-0.25940754452,1.98206215465,-0.44094604852,-1.57125862394,0.0558516616553
6.141224,0.618245228205,-0.609809436763,-0.259187402827,1.98369449787,-0.441458267403,-1.57128106786,0.0560390753433
6.151210,0.618671139555,-0.611126052277,-0.258813911664,1.98503754211,-0.442019909886,-1.57116610679,0.0562035170796
6.161197,0.618847253722,-0.612348877312,-0.25862454791,1.98656686312,-0.44236118436,-1.57122700422,0.0563650830094
6.171183,0.619071218096,-0.61364442348,-0.258965867339,1.9884445996,-0.442355694994,-1.57145429589,0.0564928931992
6.181169,0.619634480848,-0.615136215375,-0.259574725738,1.99032612786,-0.442354142584,-1.57154437116,0.0565888681454
6.191155,0.620155431716,-0.616501539852,-0.259639188929,1.99189661501,-0.442689030203,-1.57138668682,0.0567739895527
6.201141,0.620394434603,-0.617550153571,-0.259261158321,1.99328261777,-0.443147117634,-1.57122535874,0.0567612287526
6.211128,0.620681134732,-0.618779835963,-0.259345492946,1.99478156372,-0.443442770791,-1.57105950075,0.0568414672748
6.221114,0.621272422829,-0.620160984924,-0.259312326934,1.99672698237,-0.443301838188,-1.5710177325,0.0571258200289
6.231100,0.621688156667,-0.621189793333,-0.259523747648,1.99883817052,-0.442863312569,-1.57094742848,0.0567644285065
6.241086,0.622196422256,-0.622089672686,-0.259753393974,2.0001287512,-0.44257727364,-1.57109514928,0.0564315746105
6.251073,0.622619769102,-0.623023324603,-0.259605846719,2.00149869106,-0.442369034926,-1.57123161946,0.0565515632154
6.261059,0.622759472778,-0.623958877125,-0.259472190931,2.00348416293,-0.441959158756,-1.5711540771,0.0569309779773
6.271045,0.623002393656,-0.625050086722,-0.259318396609,2.00533553291,-0.441399700962,-1.57124264377,0.0571154257478
6.281031,0.623401380882,-0.626246534572,-0.259180090033,2.00679377387,-0.441022149584,-1.57140268486,0.057134440913
6.291017,0.623783482642,-0.627478141195,-0.259275252024,2.00827414905,-0.44099551364,-1.57136910358,0.0572724043768
6.301004,0.624073417124,-0.628764272751,-0.259516527024,2.0098605477,-0.441027245672,-1.57126350241,0.057532403335
6.310990,0.624032302659,-0.629904790451,-0.259520713254,2.01120817424,-0.440754883728,-1.57118679469,0.0577386155217
6.320976,0.623636284216,-0.630787145142,-0.259393958765,2.01242220179,-0.440562005866,-1.57110590646,0.0578623941396
6.330962,0.62368171858,-0.631757372898,-0.259237879367,2.0140562691,-0.440387562547,-1.57103974195,0.0572131768681
6.340949,0.623858397526,-0.632489378709,-0.259234759136,2.01621626055,-0.440174218931,-1.57121095262,0.0566168121763
6.350935,0.623882689104,-0.633413417179,-0.259249755419,2.01791306642,-0.439780487136,-1.57110161624,0.0563916198629
6.360921,0.623958483964,-0.634329927969,-0.259266262341,2.01934769107,-0.439508290433,-1.57106239984,0.0564291715726
6.370907,0.623818196708,-0.635381571862,-0.259312250305,2.02076209871,-0.439546887792,-1.5710433074,0.0563129954265
6.380893,0.623563830853,-0.636474330369,-0.259546710272,2.02223919679,-0.439529576818,-1.5709480593,0.0564277499943
6.390880,0.623394677166,-0.637580453973,-0.260030203265,2.02377485149,-0.439476118965,-1.57080047042,0.0566113398121
6.400866,0.623318504658,-0.638686928678,-0.260404547448,2.02520344658,-0.439530433431,-1.57078724885,0.0568331692567
6.410852,0.623383829249,-0.63978819913,-0.260270532466,2.02651622335,-0.439547698785,-1.57103902837,0.0571492288138
6.420838,0.623536941893,-0.640894721961,-0.259853965924,2.02799064988,-0.439200231424,-1.57137657987,0.0571722995304
6.430825,0.623240437082,-0.641910807391,-0.259857322603,2.0297112031,-0.438477312525,-1.57144608573,0.0567810547089
6.440811,0.622796261365,-0.642749170877,-0.260224501036,2.03144872322,-0.438176982217,-1.5713192978,0.0569223868075
6.450797,0.622522583396,-0.643465942522,-0.260078383156,2.03257771309,-0.43850504182,-1.57152031988,0.0573100758315
6.460783,0.622147591298,-0.644411020056,-0.259878584651,2.03369764671,-0.438276005074,-1.57119102584,0.0570619689798
6.470769,0.621711733723,-0.64534498086,-0.260223524622,2.03558903292,-0.4381974966,-1.57069590474,0.0571023015004
6.480756,0.621437140031,-0.646484896886,-0.260286693986,2.03718348004,-0.438091114554,-1.57089101046,0.0571323633596
6.490742,0.621074641349,-0.647414804595,-0.260137276317,2.03862207955,-0.437834306118,-1.5712681739,0.056913993294
6.500728,0.62076379633,-0.64796253243,-0.260067498296,2.0401847455,-0.437604280112,-1.57144064005,0.0565936899354
6.510714,0.620426566104,-0.648635730518,-0.259999774252,2.04173963154,-0.437457783513,-1.57147038873,0.0563962753549
6.520701,0.6203490279,-0.649784231125,-0.259899373101,2.04304031682,-0.437426292227,-1.57153257676,0.0563722472249
6.530687,0.620446839249,-0.651010479275,-0.259813779824,2.04417000597,-0.437467175338,-1.57162179568,0.0564577318578
6.540673,0.619710105191,-0.651808321411,-0.259750580496,2.04541581219,-0.437344308115,-1.57157020908,0.0567091187998
6.550659,0.618362722695,-0.652510861939,-0.260068115187,2.04672372789,-0.437031989111,-1.57129063047,0.0572209003054
6.560645,0.617917588014,-0.653513929458,-0.260482548681,2.04793243167,-0.436941069086,-1.57112357959,0.0573210831035
6.570632,0.617460570104,-0.65465632631,-0.260057827889,2.0493366041,-0.436977462529,-1.57124155095,0.0569986432776
6.580618,0.617002586334,-0.655454374969,-0.260025326494,2.05099006128,-0.436840136615,-1.57142015344,0.0569431247412
6.590604,0.616663757226,-0.656229756624,-0.260248422451,2.0522642829,-0.436346548951,-1.57145122042,0.0569350641923
6.600590,0.616461314317,-0.656990139811,-0.260401590041,2.05377283582,-0.436219716964,-1.57137424557,0.0569579701269
6.610577,0.616149256247,-0.657865514756,-0.260309301051,2.05539516214,-0.436023309536,-1.57137011018,0.0571414008873
6.620563,0.615688836523,-0.65879453049,-0.260237774185,2.05679248198,-0.435825234362,-1.57135685712,0.057378319855
6.630549,0.615160032958,-0.659646564142,-0.260172813062,2.0577256857,-0.435813860052,-1.57114983239,0.0574216600738
6.640535,0.614624951725,-0.660308745228,-0.260084780657,2.05877015073,-0.435921248814,-1.57097708637,0.0573141487775
6.650521,0.614219880751,-0.660890701573,-0.260121668595,2.0605215571,-0.435937435611,-1.57107221972,0.0571681830082
6.660508,0.614035244912,-0.661719534893,-0.260207338867,2.06226489665,-0.435778083709,-1.57112756516,0.0568534102625
6.670494,0.613647071798,-0.662619543578,-0.260191922833,2.06328763154,-0.435591315212,-1.57124081056,0.0567634451538
6.680480,0.613284195437,-0.662873802416,-0.260246921374,2.064012762,-0.435054744148,-1.57128289232,0.0571978574354
6.690466,0.612613995438,-0.663442875534,-0.260493554337,2.06482869608,-0.434788556944,-1.57114957898,0.0570413042802
6.700453,0.611686897931,-0.664134634144,-0.260250270109,2.06536773752,-0.434818857501,-1.57136289936,0.0571342315993
6.710439,0.611351826825,-0.664445462043,-0.260293291574,2.06616829296,-0.434593063732,-1.57157505606,0.0572065834788
6.720425,0.611320009465,-0.665044502473,-0.260457958226,2.06744123052,-0.434404966076,-1.57133950041,0.056892142956
6.730411,0.610959602357,-0.66569873848,-0.260465180647,2.06828249915,-0.434271970399,-1.57111892207,0.0570260401084
6.740397,0.610367259546,-0.666287849476,-0.260390366906,2.06884944932,-0.434212178421,-1.57117537559,0.0572480028291
6.750384,0.609836892488,-0.666735118612,-0.260317474723,2.0694568748,-0.43416648271,-1.57128267809,0.0572155807377
6.760370,0.609309586524,-0.666958502696,-0.260206770555,2.06997700324,-0.434003629691,-1.57132999059,0.0571085486722
6.770356,0.608872285528,-0.667079598501,-0.260237413333,2.07040320544,-0.43375196786,-1.57136645708,0.0570251152721
6.780342,0.608985926492,-0.667337714713,-0.260695127292,2.07095112892,-0.433637554034,-1.57116716283,0.0569018983388
6.790329,0.608747491588,-0.667695520481,-0.26081688591,2.07108890561,-0.433625412499,-1.57110820155,0.0566725655413
6.800315,0.60809564205,-0.667988662272,-0.260349576054,2.07108537195,-0.433572846052,-1.57143714843,0.0565694680627
6.810301,0.607420704877,-0.668068725947,-0.260418648442,2.07165677763,-0.433524527051,-1.57146765193,0.0565149489585
6.820287,0.606917289203,-0.66829019818,-0.260504902863,2.07200170279,-0.43348824599,-1.57133685296,0.0570152386368
6.830273,0.606618373753,-0.668622712426,-0.260585274288,2.07205646301,-0.433210872922,-1.57105936474,0.0571365775343
6.840260,0.606496354954,-0.668839102497,-0.260603976557,2.07230198851,-0.433041769338,-1.57092120597,0.0568490295886
6.850246,0.606168012463,-0.668818782826,-0.260531535761,2.07263165343,-0.432897798814,-1.57099796319,0.0566183230606
6.860232,0.605927800689,-0.668716931075,-0.260663368956,2.0728390199,-0.432776118183,-1.571093923,0.0565351562681
6.870218,0.605739120001,-0.668564726897,-0.260707261586,2.07281825426,-0.432662946593,-1.5711673468,0.0568198553878
6.880205,0.605362164527,-0.668443038422,-0.260484150185,2.07264359446,-0.432568924512,-1.57126642108,0.0573952193233
6.890191,0.605044041176,-0.668528584697,-0.260586355934,2.07240013472,-0.432493462396,-1.57126457557,0.0575204642038
6.900177,0.604882651098,-0.668430718653,-0.260875908553,2.07204216873,-0.432133280512,-1.57112397367,0.0570788632993
6.910163,0.60518552973,-0.667893873652,-0.260689668669,2.07245966002,-0.431777931302,-1.57112210144,0.0567419816631
6.920149,0.605039943084,-0.667692088756,-0.260891863013,2.07274036264,-0.431680797058,-1.5712343994,0.056675140113
6.930136,0.604522740538,-0.667748925318,-0.261448482663,2.07180462733,-0.431508688984,-1.57118273,0.0569753092194
6.940122,0.604102100051,-0.667685997881,-0.261692373909,2.0719243576,-0.431304158993,-1.57109909083,0.0573053105921
6.950108,0.603295413857,-0.667581026296,-0.26177882906,2.07157055649,-0.430976245529,-1.5713436324,0.0574201909481
6.960094,0.60301600277,-0.667384568348,-0.2616087537,2.07102425161,-0.430701375298,-1.5714627863,0.0571495700259
6.970081,0.603114702903,-0.667116766968,-0.261526851768,2.07067715864,-0.430322334373,-1.57132467537,0.056907095684
6.980067,0.603114882857,-0.666917055415,-0.261614964696,2.07045110198,-0.430007508099,-1.57114650804,0.0570808872548
6.990053,0.602768657128,-0.666857657109,-0.261718047145,2.07036560583,-0.429871462335,-1.57121542921,0.0574429134461
7.000039,0.602115219358,-0.666811730278,-0.261883487385,2.07045329955,-0.429804053926,-1.5714094746,0.0575083450618
7.010025,0.601484450929,-0.666576064478,-0.262094250085,2.07035014305,-0.429799335904,-1.57129989082,0.0572267982089
7.020012,0.601246789483,-0.666187189278,-0.261716540938,2.07009002826,-0.429715138241,-1.57115995849,0.05684139924
7.029998,0.601174675151,-0.666169936625,-0.261395867366,2.07047152528,-0.429454875391,-1.57128948872,0.0565701147592
7.039984,0.600752183962,-0.666141379924,-0.261894406526,2.0699293779,-0.429445753035,-1.57161414169,0.0565678213141
7.049970,0.599943426401,-0.666033818562,-0.262625622079,2.06970153436,-0.429395694116,-1.57182467317,0.0568322054759
7.059957,0.599528756404,-0.666300030278,-0.262486470132,2.07012186301,-0.429158048672,-1.57176842833,0.0568212358682
7.069943,0.599251073905,-0.666515508593,-0.262080929067,2.07042266685,-0.429108337154,-1.5716928914,0.0569755646671
7.079929,0.598729753775,-0.666426787192,-0.26194045546,2.0699093235,-0.429335826429,-1.57168934987,0.0571218397635
7.089915,0.598514277764,-0.666402670939,-0.261944115122,2.06927315351,-0.429491569047,-1.57153382753,0.0572980976847
7.099901,0.59859312857,-0.666421261334,-0.262207360781,2.06910622995,-0.429226731018,-1.57133004567,0.0573450587653
7.109888,0.59839749816,-0.666175692194,-0.262627352018,2.0692217072,-0.428735506594,-1.57118033059,0.0572346228472
7.119874,0.597943154151,-0.66588312834,-0.262629570517,2.06923901043,-0.42841592284,-1.57090226295,0.0570861555187
7.129860,0.597695871143,-0.666042635835,-0.262217053995,2.06908640627,-0.428217121378,-1.57059033524,0.0566843873631
7.139846,0.597165537313,-0.666146901175,-0.26218620998,2.06881021157,-0.428253575683,-1.57072776166,0.0562980035017
7.149833,0.597128303036,-0.666070711075,-0.262318709293,2.06847398088,-0.428739726094,-1.57089207129,0.0564312725624
7.159819,0.597276171414,-0.665850391349,-0.262396266062,2.06819182994,-0.428541650074,-1.57121132752,0.056584333975
7.169805,0.596594118863,-0.665579969362,-0.26237998187,2.06798194359,-0.427765779998,-1.57131574766,0.0567740211137
7.179791,0.596112002773,-0.665544563504,-0.262628155765,2.06787055579,-0.427572407412,-1.5711886294,0.0568308310392
7.189777,0.596067424922,-0.665526800817,-0.262788480764,2.06761848661,-0.427620375557,-1.57113124406,0.0569337454283
7.199764,0.595989233284,-0.665267011181,-0.262881284329,2.06732451032,-0.427527006981,-1.57120982062,0.0571046417117
7.209750,0.595544125427,-0.664931531283,-0.262988962249,2.06702114091,-0.427420643247,-1.57137308526,0.0572043395384
7.219736,0.595008990933,-0.664839964347,-0.263024692001,2.06683177477,-0.427530057584,-1.57143067481,0.0572127424279
7.229722,0.594606292464,-0.664998683131,-0.263102006328,2.06674752644,-0.427778542094,-1.57133796254,0.0571627680685
7.239709,0.594101750777,-0.665065636771,-0.263335240072,2.0665856852,-0.42789399838,-1.57125868541,0.0570525662204
7.249695,0.593504279504,-0.664855582535,-0.2632119736,2.06649217153,-0.427728678986,-1.57112222921,0.0570274826006
7.259681,0.5931226398,-0.664782943403,-0.262917561901,2.06651105788,-0.427246499604,-1.57077956688,0.0571871133266
7.269667,0.592988352861,-0.664957207561,-0.2628423395,2.06626262017,-0.427147461657,-1.5707447301,0.0571986735095
7.279653,0.59283089788,-0.665137888637,-0.263148781625,2.06676267383,-0.426880499035,-1.5710017375,0.0569461707784
7.289640,0.59271019907,-0.664953497558,-0.263385857792,2.06659036876,-0.426746493958,-1.57137847519,0.0566905033631
7.299626,0.592364199902,-0.664924878124,-0.263460246605,2.06589143215,-0.426647462165,-1.57138964065,0.0569591942748
7.309612,0.592071421186,-0.664925699601,-0.263560950763,2.06555274629,-0.426546300784,-1.5712220857,0.0571797802796
7.319598,0.591934783286,-0.664843616953,-0.263582902183,2.06541850749,-0.42630625799,-1.57105010527,0.0568723994805
7.329585,0.591611242505,-0.664760510001,-0.26350188769,2.06514600956,-0.426235757849,-1.57087729387,0.0565496892532
7.339571,0.591286988113,-0.664571924855,-0.26348045761,2.06499715317,-0.426687487606,-1.57081364866,0.0565237364652
7.349557,0.591350556888,-0.664172321332,-0.263521584172,2.06502019393,-0.42716654758,-1.57095301883,0.0564368203846
7.359543,0.591330924299,-0.663811340994,-0.263511715275,2.06471210167,-0.42687020564,-1.57114208488,0.0562732979637
7.369529,0.590652853567,-0.663704504373,-0.263683914496,2.06450854101,-0.426456461211,-1.5712788076,0.0565937968142
7.379516,0.590271506496,-0.663917891807,-0.263534828789,2.06460445434,-0.426435293291,-1.57132484292,0.0566021331
7.389502,0.590285964031,-0.663929990187,-0.263393163218,2.06446584152,-0.426292941702,-1.57103145252,0.0567731572709
7.399488,0.590222003676,-0.663572010584,-0.263338506301,2.06451526121,-0.426083999419,-1.57117661982,0.0566805550295
7.409474,0.589984075525,-0.663483232797,-0.263821188304,2.06433487473,-0.426065648994,-1.5715814231,0.0566027544645
7.419461,0.589705783344,-0.663508576259,-0.264235441448,2.06413676093,-0.425922933621,-1.57147920786,0.0566170478839
7.429447,0.589509152732,-0.663320360506,-0.264132737575,2.06385806373,-0.425869621122,-1.57115837101,0.0563348383773
7.439433,0.589321612536,-0.663244057333,-0.263902907808,2.06347222413,-0.425690600876,-1.57103048772,0.0559830865468
7.449419,0.588992890155,-0.663261718638,-0.263850086339,2.06336333623,-0.425566594909,-1.57110566239,0.0559742830196
7.459405,0.588752102197,-0.663255094412,-0.263989228961,2.06347185765,-0.425583824206,-1.57103756874,0.0562351568715
7.469392,0.588746658714,-0.663293423232,-0.264161146885,2.06335304691,-0.425514250763,-1.57073889694,0.0564375804556
7.479378,0.588383622647,-0.663269014217,-0.264127422157,2.06307115462,-0.425399883108,-1.57064581962,0.0565696838835
7.489364,0.587451626491,-0.663141389807,-0.264036411651,2.06266263588,-0.425161127772,-1.57086120981,0.0565943153624
7.499350,0.587098628183,-0.662988899495,-0.263813414953,2.06246084959,-0.424750491575,-1.57129844729,0.0562892191491
7.509337,0.587082856259,-0.662668870675,-0.264229820903,2.06240215329,-0.424446249632,-1.57116536735,0.0560634209655
7.519323,0.58708347808,-0.662845354399,-0.264539668797,2.0620145102,-0.424566799058,-1.5710165596,0.0560273247573
7.529309,0.586406208869,-0.662903879416,-0.26425019714,2.06177985472,-0.42486143532,-1.57093206161,0.056134281762
7.539295,0.585535300222,-0.662819946437,-0.264026115791,2.06187935929,-0.424915493956,-1.57114336011,0.0566023788208
7.549281,0.58525823501,-0.662683442625,-0.264374898968,2.06194507596,-0.424683385323,-1.57139734322,0.0569650999
7.559268,0.585474959823,-0.662440634905,-0.26490424204,2.06171259826,-0.424335028244,-1.57143837192,0.0567011264709
7.569254,0.585631179741,-0.662429566566,-0.265054502825,2.06134036482,-0.424180086699,-1.57128858562,0.0563372346609
7.579240,0.585476621478,-0.662684717877,-0.264874647537,2.06108702511,-0.424303037514,-1.57120068053,0.0564202631853
7.589226,0.585217664303,-0.662643267879,-0.264944448549,2.06086069355,-0.424502789955,-1.57129686736,0.0565959783385
7.599213,0.585110991764,-0.662299061699,-0.265511871963,2.0603589272,-0.424622606353,-1.57132552222,0.0566054456432
7.609199,0.585047090229,-0.662300562797,-0.265848611948,2.05984447718,-0.424400256581,-1.57116020722,0.0567463036825
7.619185,0.584326532863,-0.662184446041,-0.266207064779,2.06000576329,-0.424298787606,-1.5711368088,0.0565146749694
