time,right_s0,right_s1,right_e0,right_e1,right_w0,right_w1,right_w2
0.427848,0.585847803587,-0.664808211995,-0.263448721969,2.06059444624,-0.423753691847,-1.56940828576,0.0556517028809
0.437835,0.586341338413,-0.664368329243,-0.263347160295,2.06011945866,-0.424209305291,-1.5697137332,0.0562779116387
0.447821,0.586760967273,-0.663688054179,-0.263217762122,2.05981930808,-0.42398294922,-1.56974098417,0.0574026624807
0.457808,0.587569734294,-0.662557327669,-0.262747266947,2.05968357621,-0.423573664847,-1.56981555187,0.0584100448519
0.467794,0.587976466169,-0.66174999036,-0.262379464887,2.05984497893,-0.423382955929,-1.57015820828,0.0593751917408
0.477781,0.588040508724,-0.661558484409,-0.262284993037,2.06023736991,-0.42325042148,-1.57021307324,0.0603007030426
0.487768,0.588551149903,-0.661475115146,-0.261952341232,2.06054006149,-0.423096874925,-1.57021534605,0.0611881732865
0.497754,0.588822650574,-0.661079682142,-0.261762581521,2.06039578104,-0.422773669134,-1.57037283639,0.062142824733
0.507741,0.588630400478,-0.660524150837,-0.261517538748,2.06004723802,-0.422527657465,-1.57060204191,0.0629670048242
0.517727,0.588637507668,-0.659957914679,-0.260846817986,2.05989064233,-0.422420314025,-1.57081857494,0.0636975601482
0.527714,0.58911391126,-0.659384022936,-0.260214646633,2.0599306721,-0.422315281013,-1.57104388366,0.0645308616537
0.537701,0.589526347986,-0.658876688517,-0.260109093422,2.05988325712,-0.42235396673,-1.57114904059,0.0653769153809
0.547687,0.589544826762,-0.65843888231,-0.260171664006,2.05962539372,-0.422519739248,-1.57104678421,0.0660734281193
0.557674,0.589653164069,-0.657961221402,-0.259890996558,2.0593998686,-0.422390699738,-1.57105048986,0.0666154586227
0.567661,0.590062901398,-0.657440991677,-0.259244978697,2.05934326111,-0.422170498652,-1.57103922003,0.067106222073
0.577647,0.590973662754,-0.656834961721,-0.259018352184,2.05944444045,-0.422034136123,-1.57098209192,0.0677770178054
0.587634,0.591375775609,-0.656506612585,-0.258910191507,2.05971110204,-0.422187457438,-1.57113957852,0.0684607269135
0.597620,0.590960277418,-0.656272957661,-0.25850239737,2.05974289251,-0.422263287214,-1.5715352713,0.068920838103
0.607607,0.590345449501,-0.655990991101,-0.258229783693,2.05951236401,-0.422071986025,-1.5718940504,0.0695334054504
0.617594,0.590378983616,-0.655511579754,-0.257768884143,2.05935013283,-0.421843167139,-1.57207613983,0.0702642977394
0.627580,0.591053478292,-0.655259624448,-0.257639983324,2.05955080037,-0.421668963696,-1.57218506872,0.070884150136
0.637567,0.591402486627,-0.655000898601,-0.257764879017,2.05992134307,-0.42168349452,-1.57235854827,0.0712610003768
0.647553,0.591513764955,-0.654504339419,-0.257421275117,2.05944543565,-0.421621596214,-1.57254106128,0.0713567276337
0.657540,0.59195144044,-0.654227116976,-0.257056457229,2.05885419647,-0.421485864302,-1.57257224263,0.0714679381356
0.667527,0.592317072869,-0.654118848856,-0.256933412735,2.05863428643,-0.421709457646,-1.57250667601,0.071889884789
0.677513,0.592507086324,-0.65407310391,-0.257074557482,2.05888132058,-0.4223413999,-1.57235090991,0.0725577709977
0.687500,0.592706737418,-0.654055723905,-0.257407046193,2.05947060285,-0.422797526885,-1.57195640743,0.0731678371744
0.697486,0.592951078538,-0.653987058712,-0.257514991067,2.06012430402,-0.422807287482,-1.57121223315,0.0736772975296
0.707473,0.593289861152,-0.65391998146,-0.257221076244,2.06069567347,-0.422712187121,-1.57034014934,0.0742044216191
0.717460,0.59368356143,-0.653933363981,-0.256998529445,2.06118613691,-0.42269280008,-1.56965580722,0.0745944642846
0.727446,0.594050004565,-0.653928966886,-0.256947674131,2.06157315292,-0.422674738086,-1.56890662224,0.0747670229167
0.737433,0.594523781419,-0.653947272263,-0.256979044915,2.06182552661,-0.422515331729,-1.56795221567,0.0749264564734
0.747420,0.594610694646,-0.653964086241,-0.256997657184,2.06231656929,-0.422272739074,-1.56719556092,0.075439086504
0.757406,0.594979463105,-0.653765615507,-0.257049007696,2.06291965451,-0.422523872763,-1.56682201487,0.0758243111687
0.767393,0.595394160353,-0.653668300228,-0.257076215538,2.06309598309,-0.422431732571,-1.56662563918,0.075849010286
0.777379,0.595524200468,-0.653601962862,-0.257138217066,2.06328480952,-0.422265003149,-1.56626846747,0.0762315363659
0.787366,0.595716840241,-0.653666530306,-0.257179390754,2.06371154026,-0.421998634967,-1.56627694922,0.0768843664125
0.797353,0.596100730574,-0.6538029556,-0.257331405291,2.06403320343,-0.421965036587,-1.56611871587,0.0773581891318
0.807339,0.596607710172,-0.653806858225,-0.25740292459,2.06421555515,-0.421974522199,-1.56559625348,0.0774557985693
0.817326,0.596875883608,-0.653573449854,-0.257252212459,2.06423524898,-0.421877838789,-1.56495794573,0.0773844155721
0.827312,0.596986035988,-0.653235669667,-0.25725365623,2.06400043955,-0.42173986478,-1.56433197875,0.0776965295994
0.837299,0.597024553897,-0.652983269103,-0.257577334224,2.06376077313,-0.421727800091,-1.5639766887,0.0780175376267
0.847286,0.597109541201,-0.652915359444,-0.257857476561,2.06371015039,-0.421877924524,-1.56390743451,0.0779700729157
0.857272,0.597236237262,-0.652832613062,-0.257882858331,2.06372139567,-0.422153194593,-1.56402754834,0.0778569958129
0.867259,0.597414898139,-0.652645773226,-0.257841774675,2.0636003968,-0.422363231371,-1.56425948708,0.0779056961351
0.877245,0.597791245426,-0.652478110632,-0.257851472952,2.06331400029,-0.422258130289,-1.56440577504,0.0781644359444
0.887232,0.598159178309,-0.652161875785,-0.257831104467,2.06287563094,-0.421971489654,-1.564447344,0.07876970476
0.897219,0.598154052857,-0.651784398582,-0.257740616079,2.0623199823,-0.421824270313,-1.56463192559,0.0790937963183
0.907205,0.598017525013,-0.651699398688,-0.257700521247,2.06210853989,-0.421904302261,-1.56480834167,0.0792322760425
0.917192,0.597934183421,-0.65150546498,-0.257696194778,2.06191189254,-0.4220086739,-1.56503719542,0.0796413241968
0.927179,0.598048199209,-0.651512249673,-0.257648945226,2.06151850677,-0.421871242241,-1.56491255904,0.0798373602996
0.937165,0.598102882037,-0.651561553137,-0.257444440199,2.06120029821,-0.421530703162,-1.56469347096,0.0794304289641
0.947152,0.598285000721,-0.651224292898,-0.257451760095,2.061578768,-0.42173460851,-1.56463180905,0.0791375926748
0.957138,0.598368355151,-0.651051943488,-0.257331694789,2.06176135269,-0.421918381074,-1.56455436292,0.0797263817915
0.967125,0.598253926747,-0.651156293079,-0.25757225756,2.06176460145,-0.42167812369,-1.56456214582,0.080408648149
0.977112,0.598473490803,-0.651385005167,-0.25761577897,2.06190952583,-0.421455363349,-1.56474298796,0.0808156956583
0.987098,0.598759405189,-0.651644379695,-0.257391731556,2.06175779843,-0.421460496049,-1.56472464202,0.0809200066003
0.997085,0.598907144928,-0.6517896078,-0.257220596072,2.0614232622,-0.42124530578,-1.56459307164,0.080951127007
1.007071,0.598909942797,-0.651817411273,-0.25708555278,2.0612011901,-0.42094310142,-1.56455184507,0.0810242941726
1.017058,0.598873847766,-0.651973082064,-0.257096003606,2.06106875219,-0.420850885991,-1.56446440775,0.0812153142352
1.027045,0.598834641945,-0.652302450019,-0.257266747643,2.06097428265,-0.42090125811,-1.56428566973,0.0814128869103
1.037031,0.598781073614,-0.652481691032,-0.257147523718,2.06101673769,-0.420885042091,-1.56416919577,0.0813021356983
1.047018,0.598800920713,-0.652333612112,-0.256724526191,2.06110828809,-0.420812192348,-1.56399813292,0.0810558098062
1.057004,0.599017171892,-0.65219545549,-0.256775272199,2.06101725562,-0.420944894341,-1.56357406023,0.0812407610051
1.066991,0.599522445521,-0.652435021989,-0.257221957375,2.06089651732,-0.421149359724,-1.56300785956,0.081375362148
1.076978,0.59982797304,-0.652437829556,-0.257270632621,2.06067123582,-0.421160402356,-1.56215101694,0.0812384514647
1.086964,0.599867802952,-0.652209621502,-0.256782061627,2.06054554857,-0.42106191697,-1.56117624418,0.0812691184906
1.096951,0.600001898548,-0.651980624179,-0.256679938702,2.06044552093,-0.420818122342,-1.56058956662,0.0812546847863
1.106937,0.600401263467,-0.65201130522,-0.256615868436,2.05977377262,-0.420741432119,-1.56011018453,0.0812548235745
1.116924,0.600675529221,-0.652417453013,-0.256614495658,2.05945271643,-0.420414200378,-1.55956840742,0.081064809926
1.126911,0.600889828007,-0.652621039184,-0.256870103819,2.05908208409,-0.419962414566,-1.55911773687,0.0812884965737
1.136897,0.601251285704,-0.652637951339,-0.257192763224,2.05854520612,-0.419720461507,-1.5587343209,0.081691704186
1.146884,0.601476485692,-0.652670752992,-0.25742898599,2.05797040375,-0.419779134189,-1.55823032848,0.0820247320735
1.156871,0.601345970906,-0.652723753528,-0.257219563305,2.05744215835,-0.41999791059,-1.55742648612,0.082187192652
1.166857,0.601203649101,-0.652711865045,-0.256866761174,2.05689415342,-0.420117002371,-1.55635071153,0.0822347575456
1.176844,0.60123610476,-0.652785251917,-0.256839874067,2.05624521879,-0.420136170782,-1.55511961464,0.0821415763793
1.186830,0.601219375175,-0.652941968215,-0.256976079699,2.05562057105,-0.420026743277,-1.55380177979,0.0818648795773
1.196817,0.601201066913,-0.653041441789,-0.2570170114,2.05507912789,-0.419809819837,-1.55231635283,0.0815790117171
1.206804,0.601317396139,-0.653210208837,-0.257046745651,2.05466454786,-0.419749968267,-1.55066583958,0.0814664231963
1.216790,0.601417825162,-0.653593296986,-0.257033579196,2.05444712172,-0.41993873876,-1.54909224555,0.081441520544
1.226777,0.601783517344,-0.653984387848,-0.256938689067,2.05400125236,-0.420089559133,-1.54756803501,0.0814247096561
1.236763,0.602247775663,-0.654322650907,-0.256923171177,2.05332115812,-0.419951261779,-1.54574765228,0.0813889615432
1.246750,0.602371224302,-0.65458608072,-0.25691951225,2.05244448418,-0.419806132066,-1.54365590042,0.081279299608
1.256737,0.602393659438,-0.654939768205,-0.257389642167,2.0516058844,-0.420184065605,-1.54157058999,0.0812569693161
1.266723,0.602658801991,-0.655401436533,-0.257294602031,2.05073455632,-0.42038930672,-1.53965850388,0.0814270368909
1.276710,0.602996142486,-0.655539949548,-0.257119595518,2.04996129355,-0.420090099682,-1.5376392067,0.0811778716211
1.286696,0.603159953294,-0.65575162305,-0.257040435528,2.04937326139,-0.420098248279,-1.53545488866,0.0809787130644
1.296683,0.60341535509,-0.655917520198,-0.256876411139,2.0486792522,-0.420128714056,-1.53351215709,0.0812416775686
1.306670,0.603952049261,-0.656016062528,-0.25703400599,2.04794730791,-0.419896585867,-1.53179797239,0.0814490538381
1.316656,0.604558399818,-0.656320119631,-0.257502822629,2.04710354702,-0.419688647633,-1.53007147589,0.0815460310538
1.326643,0.604916769813,-0.656613892456,-0.257886635699,2.04624770634,-0.419723649369,-1.52851411855,0.081535389542
1.336630,0.605172177048,-0.656770268387,-0.258083410027,2.04533600233,-0.419880477388,-1.52738304991,0.0814156596839
1.346616,0.605474615555,-0.657023874973,-0.25827375224,2.04451981986,-0.419836804403,-1.52644937344,0.0814208006312
1.356603,0.605796048142,-0.657477539347,-0.258365242343,2.04406664799,-0.419636162983,-1.52551752713,0.0815012296634
1.366589,0.606235774129,-0.657980120375,-0.258336698864,2.04369161604,-0.419487804701,-1.52468551403,0.0814353518593
1.376576,0.606846829844,-0.658326524979,-0.258549096102,2.04298232115,-0.419301687265,-1.5239437036,0.0813827721329
1.386563,0.607356132908,-0.658372876265,-0.258991096115,2.04223814253,-0.419007970569,-1.52319469197,0.0815242336866
1.396549,0.607654287563,-0.658383056586,-0.259238610813,2.04166637506,-0.418721883718,-1.52247089921,0.0816718871166
1.406536,0.607817803657,-0.658703816363,-0.25938478064,2.04125411885,-0.418427901145,-1.52174127592,0.0816742755314
1.416522,0.608062896906,-0.659135856703,-0.259429103479,2.04061992868,-0.418136766765,-1.52122671091,0.0816119798147
1.426509,0.608487409443,-0.659319518277,-0.259466445144,2.0399865496,-0.418051065915,-1.52092816958,0.0816234823723
1.436496,0.60850197996,-0.659446005337,-0.260277031317,2.03955893379,-0.417997896598,-1.52092010146,0.0817249294962
1.446482,0.608398743589,-0.659472057918,-0.260927256568,2.0392548943,-0.417998848243,-1.52116199753,0.081982754095
1.456469,0.608438494689,-0.659556964592,-0.260944028373,2.03859075866,-0.417961946076,-1.52133716667,0.0823532126121
1.466455,0.608456570932,-0.659996040474,-0.261193128035,2.0378638072,-0.41803166235,-1.52128195065,0.0824702084325
1.476442,0.608790267517,-0.660158944982,-0.261391857774,2.03737182895,-0.418025248486,-1.52119538933,0.0827206903055
1.486429,0.609376762006,-0.660096598595,-0.261493960377,2.03714669385,-0.417879777943,-1.52121808495,0.0831203438763
1.496415,0.609810681033,-0.660127858725,-0.261847315853,2.03706317724,-0.417858501981,-1.52123874045,0.083436209225
1.506402,0.609925858459,-0.660282871549,-0.262344614763,2.03706969101,-0.41803386085,-1.52106722115,0.0838198641562
1.516388,0.609977548587,-0.66057475352,-0.262566933612,2.03703213323,-0.418138369948,-1.52083636244,0.0842236867436
1.526375,0.610190358971,-0.660888900304,-0.262541134795,2.03674047432,-0.41804230376,-1.52068989875,0.084407142503
1.536362,0.610356303527,-0.660955712495,-0.262588601488,2.03632015673,-0.417823118111,-1.52047287724,0.0844131130445
1.546348,0.610238559589,-0.660892795472,-0.262669593851,2.03602384749,-0.417526935887,-1.52007133134,0.0844346460186
1.556335,0.610050610983,-0.661082172571,-0.262685543673,2.0356667961,-0.417329640021,-1.51967707099,0.0844650941664
1.566322,0.609893658602,-0.661330656296,-0.262947707516,2.0353457712,-0.417413079448,-1.51946727182,0.0843536504681
1.576308,0.609755312557,-0.661540172159,-0.263132183246,2.03536223482,-0.417537618067,-1.51913444021,0.0842837872007
1.586295,0.609699458983,-0.661561247081,-0.263111255035,2.03489686293,-0.417411416164,-1.51858896488,0.0844594166443
1.596281,0.60973168243,-0.661509714522,-0.263576915599,2.03396008561,-0.417342885755,-1.51832573387,0.0846802864464
1.606268,0.609577176336,-0.661464629402,-0.263947385177,2.0339541849,-0.417292282393,-1.51810195714,0.0849539510575
1.616255,0.609513289296,-0.661303496762,-0.263966570559,2.03410321934,-0.417291419061,-1.51756875022,0.0849405610088
1.626241,0.609622949103,-0.661409259296,-0.264106198965,2.03370374204,-0.417181024994,-1.51686700816,0.08477350888
1.636228,0.609355544131,-0.6617321181,-0.264328786662,2.03303594872,-0.417153795633,-1.51598662952,0.0847226387642
1.646214,0.609041481214,-0.661993626474,-0.264290158994,2.03239585121,-0.41713689471,-1.51492852981,0.0845560184013
1.656201,0.609014810042,-0.662149985051,-0.264069909682,2.03199608378,-0.416987961334,-1.51383503072,0.0843425937871
1.666188,0.609110335671,-0.662290488295,-0.263823455636,2.03150645661,-0.416909469941,-1.51266902756,0.0843633584986
1.676174,0.60913189568,-0.662268180771,-0.263847764006,2.03058964588,-0.416983150988,-1.51156552051,0.0844026387073
1.686161,0.608992544476,-0.662170889915,-0.26416427603,2.02960580245,-0.417092694873,-1.51063705948,0.0843264291449
1.696147,0.608786031177,-0.662202961471,-0.264423896826,2.0291297793,-0.417133829127,-1.50971440561,0.0843697159865
1.706134,0.608727333682,-0.662253098732,-0.264376207635,2.0286791886,-0.417119935592,-1.50869286389,0.0845668552221
1.716121,0.608829763254,-0.662203126134,-0.264048307232,2.02742835632,-0.417085329758,-1.50768421402,0.0845867707513
1.726107,0.608900920563,-0.662222196409,-0.263643055384,2.02624146408,-0.417026679176,-1.506633354,0.0842903885774
1.736094,0.608855288697,-0.662427453551,-0.263629699436,2.02581560456,-0.417236599514,-1.50553353875,0.0840521680396
1.746081,0.608891072708,-0.662609833394,-0.264120463389,2.0253033684,-0.417618215648,-1.50443249969,0.0840106051152
1.756067,0.608998280508,-0.662376028118,-0.264790556495,2.02459879238,-0.4175876013,-1.50342475284,0.0841613699741
1.766054,0.608832290953,-0.662170883249,-0.264872446098,2.02381183059,-0.417422616271,-1.50283802063,0.0845557799539
1.776040,0.608777781545,-0.662106671535,-0.264695899222,2.02298285725,-0.41739685041,-1.50269642031,0.0848974532825
1.786027,0.608711504345,-0.661881342056,-0.265297576525,2.02202699798,-0.417207260782,-1.50264472532,0.0847386493969
1.796014,0.608330196324,-0.661813106637,-0.266041800132,2.02123960278,-0.41701642563,-1.50249705953,0.0846983198369
1.806000,0.608132201133,-0.661826078426,-0.26613620419,2.02045657092,-0.417024721963,-1.5020179016,0.0851330542957
1.815987,0.608208043609,-0.661790079871,-0.265881349332,2.01950086248,-0.417206201171,-1.50141611509,0.0855841688399
1.825973,0.608341057537,-0.661925441212,-0.265442484549,2.01852652214,-0.417405596377,-1.50076517287,0.0857732994206
1.835960,0.608304955165,-0.662137831092,-0.264958794118,2.01768072959,-0.417462585127,-1.50010799276,0.0858012025338
1.845947,0.608198304545,-0.662220363165,-0.264888374667,2.01694483051,-0.417503679658,-1.49945824953,0.0857172286438
1.855933,0.608333614423,-0.662225974462,-0.265282524739,2.01630494983,-0.41749981575,-1.49879979434,0.0857482134463
1.865920,0.608634422998,-0.66237098049,-0.265469520692,2.01561768333,-0.417350746934,-1.49821478225,0.0861504146304
1.875906,0.608658877385,-0.662620813381,-0.265248737724,2.01473162922,-0.417225618106,-1.4977135116,0.0867481733137
1.885893,0.608328488114,-0.662680176627,-0.265331414024,2.01382512442,-0.417221569409,-1.49714127625,0.087125389986
1.895880,0.607944400884,-0.662582442685,-0.265736750706,2.0128929373,-0.417332228675,-1.49662399953,0.0870726920351
1.905866,0.607719552158,-0.662547494947,-0.265978961644,2.01168982559,-0.41766548189,-1.4961990076,0.0868957598796
1.915853,0.607724119357,-0.662579061908,-0.266046259503,2.01063590519,-0.417875709981,-1.49553514255,0.0867595989079
1.925840,0.607837957601,-0.66262085672,-0.266241416259,2.01036530309,-0.417705281167,-1.49471871817,0.0867105783811
1.935826,0.607928088404,-0.662580864626,-0.265912214855,2.01046973512,-0.417265065367,-1.49381379594,0.0865914297001
1.945813,0.608229066409,-0.662529256585,-0.265665004236,2.01003374506,-0.416947440579,-1.49270398949,0.0863642896063
1.955799,0.608350666657,-0.662640482001,-0.265724732388,2.00911488228,-0.417116514316,-1.49177313058,0.0863161434242
1.965786,0.608267578261,-0.662694846798,-0.266012007993,2.00829590036,-0.41728041898,-1.49082688798,0.0863211214932
1.975773,0.608179829203,-0.662674265355,-0.266345265896,2.00785374523,-0.417056716819,-1.48971027984,0.0863830837469
1.985759,0.608284801646,-0.662753853202,-0.266622822938,2.00728380403,-0.416699146009,-1.48834269939,0.0863081845817
1.995746,0.608534142757,-0.66287835913,-0.266668526093,2.00656182158,-0.41648011441,-1.48682384608,0.0861326231617
2.005732,0.608630543497,-0.663009614403,-0.266508386929,2.00624668365,-0.41635742231,-1.48550543369,0.0859663655692
2.015719,0.608533082108,-0.66319028476,-0.266571547775,2.00622387585,-0.416118762911,-1.48450661443,0.08587070218
2.025706,0.608461264502,-0.663300049281,-0.266814612506,2.00580447828,-0.415748623783,-1.48342842103,0.0858646299363
2.035692,0.608442631666,-0.663167975742,-0.266893399517,2.00484969451,-0.415434874989,-1.48194327693,0.0858166750522
2.045679,0.60836987755,-0.662918857626,-0.267028512675,2.00393103768,-0.41525169547,-1.48028197472,0.0855026377824
2.055665,0.608314341904,-0.662817116168,-0.267408958429,2.00343599529,-0.415186538639,-1.47873409173,0.0850056862833
2.065652,0.608236795437,-0.662868852271,-0.267632863639,2.00302217094,-0.415348365071,-1.47723953495,0.0847439404705
2.075639,0.608183241944,-0.663098951398,-0.267376860957,2.00220171285,-0.415492700591,-1.47577958437,0.0847375748
2.085625,0.608191386785,-0.663480704035,-0.267020715362,2.00156703031,-0.415671026143,-1.47430161986,0.084526315461
2.095612,0.60804449888,-0.663627698727,-0.267067466882,2.00112884993,-0.415927341744,-1.47300980588,0.0843972446471
2.105598,0.607803910552,-0.663520917036,-0.267180375117,2.00014723273,-0.416080143293,-1.471797344,0.0843688779685
2.115585,0.607717918249,-0.66354090667,-0.2672008364,1.99896244442,-0.416266751094,-1.47059460518,0.0839866175377
2.125572,0.607640117012,-0.663652394135,-0.267090996372,1.99826309266,-0.416202720595,-1.4696181424,0.0839805554032
2.135558,0.607509088117,-0.663643294327,-0.267185197344,1.99772139351,-0.416037803236,-1.46874993969,0.0842146028278
2.145545,0.607355197005,-0.663604304582,-0.267570116849,1.99698002825,-0.41608880948,-1.46779031994,0.0842802021362
2.155532,0.607197976318,-0.66355598552,-0.26780388876,1.99619981333,-0.416292892959,-1.46683817144,0.0842118126007
2.165518,0.607090637999,-0.66345237184,-0.267770731338,1.99548636809,-0.416490191345,-1.46616441752,0.0840373999771
2.175505,0.607023037672,-0.663495690318,-0.267997559302,1.99462413985,-0.416617984945,-1.4657637789,0.08382359645
2.185491,0.606914738121,-0.66378517767,-0.268283412913,1.99360265678,-0.416655381157,-1.46549945183,0.0836885257664
2.195478,0.606798385246,-0.66400034469,-0.268074412981,1.99274714261,-0.416609277534,-1.46537194614,0.0836416418471
2.205465,0.606761929523,-0.663914447909,-0.267653772241,1.99216861622,-0.416510297956,-1.46529558201,0.0835486455492
2.215451,0.606728306133,-0.663734619679,-0.267636636572,1.99163735958,-0.416442001611,-1.46512682375,0.0833426815025
2.225438,0.606611629076,-0.663614150886,-0.267930251571,1.99107309559,-0.416494140786,-1.46510604672,0.083171312103
2.235424,0.606583953951,-0.663654375369,-0.267862855674,1.99051547854,-0.41645357402,-1.46531585771,0.083130955333
2.245411,0.606847251699,-0.663750181437,-0.267546658868,1.99010402504,-0.416366012338,-1.46547869421,0.0831660780003
2.255398,0.606862618272,-0.66363011414,-0.267323144291,1.98969236932,-0.416254114753,-1.46548569722,0.0830488301063
2.265384,0.606671432702,-0.663491149153,-0.267431925285,1.9888839546,-0.416139333204,-1.46556911426,0.0826867560151
2.275371,0.606579647092,-0.663589126652,-0.267823482664,1.98811587215,-0.416119510011,-1.46548650332,0.0824476260516
2.285357,0.606592191175,-0.663636563178,-0.268019043647,1.98773293269,-0.416016214797,-1.46516254119,0.0825346984627
2.295344,0.606614550275,-0.663605907155,-0.267907501481,1.98720173464,-0.415847897897,-1.46487050128,0.0826013267226
2.305331,0.606710270237,-0.663626395085,-0.268014370744,1.98644190802,-0.415646333958,-1.46464091956,0.0826036575968
2.315317,0.606772650245,-0.663597391146,-0.268489412384,1.98589191962,-0.415561840956,-1.46444689524,0.0826396902929
2.325304,0.606646062139,-0.66369924239,-0.268695627224,1.9856897333,-0.415542512685,-1.46410152105,0.0826937682362
2.335291,0.606466326158,-0.66404970009,-0.268560463547,1.98549594613,-0.415425400042,-1.46346369358,0.0826652703307
2.345277,0.60639706537,-0.664354803194,-0.268531403064,1.98516221745,-0.415320493758,-1.46269841663,0.0825550767381
2.355264,0.606413443409,-0.664436011539,-0.268774639156,1.98481543387,-0.415363329145,-1.46202425969,0.0825883626045
2.365250,0.606382764596,-0.664435715757,-0.268877762237,1.98447021206,-0.415507906453,-1.46135333896,0.0826858484707
2.375237,0.606224116069,-0.664461535824,-0.268614858117,1.98410213817,-0.415622226644,-1.46048930294,0.0825072414208
2.385224,0.606009436884,-0.664497484893,-0.268522076442,1.9837582149,-0.415576301347,-1.45953657732,0.0822335860874
2.395210,0.605863752508,-0.66451668037,-0.268970118982,1.98326192289,-0.41539625825,-1.4586776607,0.0822012908136
2.405197,0.605731738102,-0.664472297394,-0.269543924778,1.98270044832,-0.415199970344,-1.45774375449,0.0822207118828
2.415183,0.605854302586,-0.664425293836,-0.269424926699,1.98211066313,-0.415013679292,-1.45674543543,0.0822309969333
2.425170,0.606117919668,-0.664536256119,-0.269312213284,1.98128059479,-0.415051968504,-1.45573561637,0.082095523963
2.435157,0.606122869244,-0.664730975684,-0.269761971698,1.98052637639,-0.415212465301,-1.45463384368,0.0820978408283
2.445143,0.605833468416,-0.664880163495,-0.269857794478,1.97990562304,-0.415206350195,-1.45347001366,0.0820444056408
2.455130,0.60566126771,-0.664928196985,-0.269603016724,1.97939891776,-0.415348240786,-1.45219345213,0.082043491176
2.465116,0.605570677525,-0.665035998022,-0.269068994379,1.97897504684,-0.415437546677,-1.45117584781,0.0819476719011
2.475103,0.605569572663,-0.665154847816,-0.269028977866,1.97846148187,-0.415332712163,-1.45030800884,0.081782424425
2.485090,0.605717541054,-0.665171116519,-0.26957833972,1.97767334927,-0.415201680416,-1.44929914582,0.08153385157
2.495076,0.605778537703,-0.665168336148,-0.269821864929,1.97670245152,-0.415233161707,-1.44826898056,0.0812871134236
2.505063,0.605607386694,-0.665331984815,-0.269621133009,1.97589699643,-0.415383971535,-1.44720711729,0.081308607561
2.515049,0.605382236281,-0.665501226434,-0.269561118532,1.97533197921,-0.415425987798,-1.44606738925,0.0814921828113
2.525036,0.605261223762,-0.665412622643,-0.269832478553,1.97466273087,-0.415338261426,-1.44498664515,0.0815553511467
2.535023,0.605256499644,-0.665174059436,-0.269898378163,1.97367254988,-0.415264223202,-1.44418622017,0.08150638848
2.545009,0.605414917324,-0.665056955164,-0.269641996895,1.97254763014,-0.415206222226,-1.44367817769,0.0814569094089
2.554996,0.605641193647,-0.665063568622,-0.269931234529,1.97159722065,-0.415151867813,-1.44309834994,0.0813238613912
2.564983,0.605606085805,-0.665108740855,-0.270725413387,1.97106428125,-0.415234314266,-1.4421355294,0.0810946660201
2.574969,0.605493999622,-0.665216425618,-0.270891237919,1.97053752971,-0.415515544787,-1.44109259296,0.0810810847494
2.584956,0.605348771294,-0.665337895223,-0.270288458859,1.96989292173,-0.415437811981,-1.4402998012,0.0812795336361
2.594942,0.605203213721,-0.665372323708,-0.269983733469,1.96892573178,-0.415109610382,-1.43957132284,0.0813163480781
2.604929,0.605377790702,-0.665339243837,-0.270381364507,1.96772088376,-0.414954719268,-1.43881695538,0.0808418701469
2.614916,0.605666790558,-0.665123355863,-0.270522699311,1.96710177175,-0.414981764767,-1.43845456458,0.0803542143409
2.624902,0.605724024276,-0.665018434677,-0.270370716406,1.96685851201,-0.414992197713,-1.43822513696,0.080358322929
2.634889,0.605376757527,-0.665136836176,-0.270304126051,1.96649211607,-0.41484407751,-1.43791163153,0.0805101285902
2.644875,0.605003771558,-0.665277466244,-0.270345413998,1.96579078933,-0.414824041666,-1.43749496935,0.0805619282925
2.654862,0.605088847908,-0.66529976255,-0.270604371839,1.96506826807,-0.414987624711,-1.43698428299,0.0805715867548
2.664849,0.605414432733,-0.665199955961,-0.270627834235,1.96430691743,-0.415090717642,-1.43643908042,0.0805552039354
2.674835,0.605401451043,-0.665174624856,-0.270400844318,1.96341827872,-0.415008248038,-1.43572348034,0.080796279765
2.684822,0.605196988116,-0.665310695044,-0.270322104041,1.96274983292,-0.414860579564,-1.43475818216,0.0813339507018
2.694808,0.605257013275,-0.665413437848,-0.270531120363,1.96236367504,-0.414744325606,-1.43386707463,0.0818221468117
2.704795,0.605405051296,-0.665373940253,-0.270769850659,1.96191751364,-0.414686180435,-1.43336882394,0.0822313634606
2.714782,0.605379942589,-0.665316620598,-0.27079935887,1.96141958407,-0.414799470112,-1.43310930329,0.0829136637571
2.724768,0.605528052681,-0.66524641954,-0.270664382091,1.96100213277,-0.415029512829,-1.4327764243,0.083861752851
2.734755,0.605749000898,-0.665208330265,-0.270381018064,1.96059838556,-0.414906679217,-1.43217202616,0.0848640880393
2.744742,0.605602150672,-0.665292163689,-0.27019085464,1.96011822792,-0.41437395827,-1.43146410195,0.0858544001085
2.754728,0.605315302396,-0.665414326979,-0.270413649212,1.95948576638,-0.414021171349,-1.43088912089,0.0867838956509
2.764715,0.605301014289,-0.665518688102,-0.270676323447,1.95881929467,-0.41404938509,-1.43025124013,0.0877586028765
2.774701,0.605285973788,-0.665721007373,-0.270453605665,1.95837316564,-0.414020557791,-1.42982642066,0.0888486774249
2.784688,0.605032286867,-0.665913322282,-0.270218173599,1.95798893604,-0.414225174831,-1.42973322952,0.0896583643704
2.794675,0.604980844217,-0.6660689745,-0.270300868906,1.95752392049,-0.414349030298,-1.42959110054,0.0902696303107
2.804661,0.605088711287,-0.666061908116,-0.270635032417,1.95717263508,-0.414186877791,-1.429238891,0.0909369188156
2.814648,0.605007540131,-0.66595559103,-0.270879199533,1.95675850427,-0.41412876146,-1.42878869873,0.0916605520345
2.824634,0.604814270732,-0.66584429203,-0.270979870907,1.95618894649,-0.414278932961,-1.42838070582,0.0921970723442
2.834621,0.604595979375,-0.665859014676,-0.271083616621,1.95562825908,-0.414390000954,-1.42791800265,0.0924557189508
2.844608,0.604338049318,-0.665994569886,-0.271133371914,1.95513361455,-0.414241065462,-1.42737884973,0.0926105086469
2.854594,0.604105533441,-0.666188426712,-0.271104090158,1.95455207721,-0.413925318251,-1.42693156869,0.0927531717855
2.864581,0.603988585325,-0.666279966254,-0.271062210298,1.95374114131,-0.413798098703,-1.42659622925,0.092739061375
2.874567,0.603897428471,-0.666136133118,-0.271085977502,1.95282022711,-0.414037523077,-1.42618871567,0.0925356241373
2.884554,0.603779548315,-0.665953623135,-0.271334866537,1.95212544924,-0.41436893511,-1.42572145797,0.0924409503981
2.894541,0.60391990548,-0.665925705616,-0.271739833256,1.95170440147,-0.414456814714,-1.42541617746,0.0926360255548
2.904527,0.604262388456,-0.665860568741,-0.271876962686,1.95108317711,-0.414294387421,-1.42521322697,0.0927965326129
2.914514,0.604368269036,-0.665803122905,-0.271641589992,1.95030352668,-0.414103317121,-1.42496347082,0.0926753129003
2.924501,0.604287571738,-0.665799149343,-0.271240355809,1.94998402618,-0.413897122065,-1.42498903697,0.0924264993924
2.934487,0.604088159745,-0.665895981105,-0.271123564397,1.94999612093,-0.413915787575,-1.42507985065,0.0920854806923
2.944474,0.603743248849,-0.665873040026,-0.271478721541,1.94966106775,-0.413998117604,-1.42502056861,0.0917903915064
2.954460,0.603342339843,-0.665602057283,-0.27199003955,1.94878881602,-0.413865905272,-1.42506347714,0.0917828480567
2.964447,0.603131424367,-0.665327431367,-0.271944083232,1.94801748808,-0.413797234675,-1.42503134362,0.0919338541338
2.974434,0.603003077061,-0.665174401786,-0.271589783649,1.94746410368,-0.413775147403,-1.42482575082,0.0920095026087
2.984420,0.60292456539,-0.66519325532,-0.27154062055,1.94676760899,-0.413653318023,-1.42471266833,0.0919781171943
2.994407,0.603033523934,-0.665335127576,-0.271854068363,1.94599512951,-0.413511218487,-1.42473802998,0.091903167405
3.004393,0.603135311832,-0.665528543527,-0.272135108033,1.94535676844,-0.413515042102,-1.42465791127,0.0918617523259
3.014380,0.603025601833,-0.665693339422,-0.271998090071,1.94485321629,-0.4136916374,-1.42420038268,0.0918655605931
3.024367,0.602819290683,-0.665841310955,-0.271735728402,1.94434432147,-0.413813406033,-1.42337228508,0.0917529006466
3.034353,0.602758501571,-0.666003526456,-0.271874838664,1.94389066079,-0.413747336064,-1.4224953866,0.09144377509
3.044340,0.602814217181,-0.666039865174,-0.27227103088,1.943637297,-0.413725277691,-1.42180225049,0.0912213576796
3.054326,0.60267238008,-0.665903589494,-0.2723789781,1.94333438952,-0.41392779585,-1.42106200642,0.0912987323232
3.064313,0.602304244896,-0.665985979367,-0.272136224379,1.94267118729,-0.414168500233,-1.4199364708,0.0912991655149
3.074300,0.602151191008,-0.666297360062,-0.272250323378,1.94190253104,-0.414334121562,-1.41859117482,0.0910495173662
3.084286,0.602320265042,-0.666459662237,-0.27261534639,1.94101798158,-0.414352944203,-1.41715623766,0.0910677281498
3.094273,0.602361428851,-0.666635369998,-0.272567055909,1.94005889271,-0.414255369045,-1.4157501266,0.0912560273933
3.104259,0.601989619903,-0.666909507974,-0.272447345909,1.93950243026,-0.414158542556,-1.41467488941,0.0912335558978
3.114246,0.601567778916,-0.667063692565,-0.272158834323,1.93900943127,-0.413973759544,-1.41360112999,0.0912305460126
3.124233,0.601551802868,-0.667169454519,-0.272129789784,1.9385388474,-0.413898762318,-1.41220822464,0.091248213909
3.134219,0.601648923048,-0.667334780788,-0.27265097363,1.93784227542,-0.413933968588,-1.41054483504,0.0912624735751
3.144206,0.601508045829,-0.667524791543,-0.272984127833,1.93685197506,-0.413999273189,-1.40907914129,0.0912862350872
3.154193,0.601334061009,-0.667721992997,-0.272630717577,1.93599232348,-0.41403180805,-1.40773652584,0.0912546789588
3.164179,0.601296168481,-0.6678759423,-0.272120255393,1.93530457301,-0.413973372248,-1.40615403185,0.0911508125454
3.174166,0.60142595767,-0.667950041802,-0.272092747655,1.93456550423,-0.413987328868,-1.40448497693,0.0909941547407
3.184152,0.601730053627,-0.667972842269,-0.272434219446,1.93377933892,-0.414092373872,-1.40297403056,0.0908990959045
3.194139,0.602033137781,-0.66798534061,-0.272567077586,1.93302082889,-0.414146955592,-1.40152568126,0.0909000571751
3.204126,0.60203886422,-0.667973352117,-0.272444908348,1.93226905056,-0.414116261175,-1.40000038733,0.0909451368213
3.214112,0.60180666673,-0.667909582458,-0.272536736899,1.93150369856,-0.414008689011,-1.39846711085,0.0910240785237
3.224099,0.601799677903,-0.667858149119,-0.272750732778,1.93070791584,-0.413890537392,-1.3969800452,0.0910062679639
3.234085,0.602127067568,-0.667927434389,-0.272722691005,1.92998863954,-0.414066124564,-1.39547122254,0.0907537464868
3.244072,0.602334024207,-0.668040233255,-0.272840834075,1.92919334447,-0.414295809303,-1.39408030596,0.0905648530636
3.254059,0.602293917041,-0.6681994937,-0.272858231863,1.92819355093,-0.414268025157,-1.39293835681,0.0905586750062
3.264045,0.602317300684,-0.668346196481,-0.27242648684,1.92740151876,-0.41401784147,-1.39190565778,0.0905731771277
3.274032,0.602539467969,-0.668164197285,-0.272257094536,1.92663524324,-0.413851704756,-1.39098000864,0.0907392092252
3.284018,0.602675248875,-0.667968136149,-0.272263160654,1.92572532006,-0.413877976169,-1.39006256436,0.091006474343
3.294005,0.602639444485,-0.667910241329,-0.272340702606,1.9245136262,-0.413827710332,-1.38921316713,0.0913077498287
3.303992,0.602493858781,-0.667863669485,-0.272579653184,1.92350012771,-0.413724320652,-1.38839301605,0.0915045974673
3.313978,0.60230079208,-0.667640643642,-0.272682147974,1.92269433547,-0.413853660908,-1.38757217984,0.091720761805
3.323965,0.602197353003,-0.667342792176,-0.272642126401,1.92184423595,-0.414225484233,-1.38675732197,0.0923231429176
3.333952,0.602211196736,-0.667155307752,-0.272592347012,1.92093620217,-0.414338305148,-1.38601376348,0.0932524940587
3.343938,0.602248954672,-0.667017864311,-0.272528182227,1.92000375395,-0.414047166893,-1.385537075,0.0942038514943
3.353925,0.602189459239,-0.666976404865,-0.272743827645,1.91913672981,-0.413719074731,-1.38536630903,0.0950462975109
3.363911,0.602048666311,-0.667197069586,-0.273291977605,1.9183149236,-0.413613907091,-1.38531896406,0.0957928691745
3.373898,0.601955312605,-0.667534531948,-0.273513271114,1.9174370575,-0.41365932383,-1.38513765145,0.096562139999
3.383885,0.601899816147,-0.667646474196,-0.273105095303,1.91667005614,-0.413700952618,-1.38464157205,0.0975626299191
3.393871,0.601759168208,-0.667548984769,-0.272697580714,1.91617221259,-0.41362774342,-1.38399616665,0.0986718209994
3.403858,0.601665038593,-0.66752269413,-0.272578000267,1.91560429578,-0.41352588908,-1.38356645714,0.0994450925112
3.413844,0.60177260876,-0.667591431776,-0.272667352635,1.91461498314,-0.413508037726,-1.38325722954,0.0999844185397
3.423831,0.601886955613,-0.667488284359,-0.272861270999,1.91349197428,-0.413684702938,-1.38272172692,0.100744331036
3.433818,0.60176892042,-0.66723594675,-0.27326305924,1.91227626665,-0.414093410476,-1.38187464308,0.101673713331
3.443804,0.601576877247,-0.667158274142,-0.273472075514,1.91089154465,-0.41422076632,-1.38109085217,0.102489773008
3.453791,0.601564329489,-0.667341484859,-0.273004265069,1.90998034725,-0.414019519332,-1.38053975176,0.103195627648
3.463777,0.601759036732,-0.667566398179,-0.272804656224,1.9093787053,-0.413900977328,-1.38018824309,0.103716620513
3.473764,0.601922879834,-0.667558069181,-0.273071001818,1.90864668875,-0.413928332161,-1.3797699847,0.103826004302
3.483751,0.601971665615,-0.667311375345,-0.27298147202,1.90788036638,-0.413904158433,-1.37905264765,0.103745924056
3.493737,0.601980240237,-0.667126831832,-0.272607153298,1.90704857495,-0.413808725757,-1.37817611961,0.103814378287
3.503724,0.601975877428,-0.667213257946,-0.272552059252,1.90606522833,-0.413738745018,-1.37723192508,0.103930466582
3.513710,0.602007309855,-0.667365292305,-0.272864452193,1.90500920453,-0.413743594359,-1.37621028863,0.103985939674
3.523697,0.602058095428,-0.66737885921,-0.27317480582,1.90403548075,-0.413834241865,-1.37507615688,0.103994255904
3.533684,0.602047612232,-0.667329968851,-0.273335629109,1.90322161428,-0.413963267922,-1.3738084562,0.103859008849
3.543670,0.601991761347,-0.667360059947,-0.273412412179,1.90251722382,-0.414035096341,-1.37247733718,0.103504417572
3.553657,0.602035469751,-0.667492378562,-0.273345388479,1.90171968401,-0.414034966049,-1.37115780078,0.103157238688
3.563644,0.602303470671,-0.667610070678,-0.273071654168,1.90058665629,-0.413994007519,-1.36972543537,0.103105676579
3.573630,0.602581483977,-0.66763641924,-0.272836029432,1.89918238577,-0.413838563673,-1.36812746328,0.103202641404
3.583617,0.602520197553,-0.667765361366,-0.272870580052,1.89779005925,-0.413579503909,-1.366494975,0.10313395574
3.593603,0.60245488072,-0.667708578668,-0.27331419213,1.89665844135,-0.413539587999,-1.36491739157,0.103045146931
3.603590,0.602663211978,-0.667375060417,-0.273609819445,1.89572929935,-0.413643115574,-1.36349991809,0.103251094207
3.613577,0.602824479607,-0.66725907382,-0.273333728416,1.89484175959,-0.413634233537,-1.36208784588,0.103465385438
3.623563,0.602855803779,-0.667373341836,-0.273241530159,1.8941362521,-0.413794576129,-1.36056982741,0.103309569765
3.633550,0.602919117295,-0.667551793775,-0.273416022334,1.89327693778,-0.413900814286,-1.35893962553,0.103096382554
3.643536,0.602964399789,-0.667649171138,-0.273374725953,1.89217839711,-0.413791079344,-1.35693857331,0.103049561775
3.653523,0.603013308602,-0.667617492013,-0.273198682532,1.8910382299,-0.413737000826,-1.35485570497,0.102992006033
3.663510,0.603144011622,-0.667615382332,-0.273112698593,1.88996050665,-0.413752810076,-1.3531545506,0.102866201015
3.673496,0.603254294458,-0.667691926332,-0.273118397299,1.88890429481,-0.413809987407,-1.35156651556,0.102761538386
3.683483,0.60331211107,-0.667727415984,-0.273173071995,1.88772118541,-0.413984710076,-1.34980510242,0.102702423816
3.693469,0.603420454861,-0.667640611287,-0.273300995989,1.8864074142,-0.414130770686,-1.34808723917,0.102680741447
3.703456,0.603576183967,-0.66751895987,-0.273450537882,1.88521006281,-0.414104746141,-1.34655689479,0.102708326085
3.713443,0.603745138938,-0.667464381298,-0.273459976204,1.88428789354,-0.414083844453,-1.34501563793,0.102720622639
3.723429,0.604050444402,-0.667365243929,-0.27325359971,1.88339981876,-0.414147008952,-1.34342819899,0.102637691996
3.733416,0.604389505445,-0.667113356435,-0.272963994178,1.8822102148,-0.414194884966,-1.34194851313,0.102570750527
3.743403,0.604439395554,-0.667078358648,-0.272839697374,1.88086707185,-0.41415313432,-1.34062688506,0.102597314641
3.753389,0.604464098406,-0.667324440705,-0.273036135537,1.87968145257,-0.414028124166,-1.33924745551,0.102578495772
3.763376,0.604721119826,-0.667342326394,-0.273288000771,1.87865448971,-0.414123532639,-1.33788807343,0.102590425502
3.773362,0.604757972069,-0.667297978101,-0.273359995825,1.87757510952,-0.414008485,-1.33694543982,0.102705267834
3.783349,0.604663232369,-0.667370864776,-0.27333353989,1.87652509371,-0.413626656291,-1.33603161884,0.102947638099
3.793336,0.604843595744,-0.667403165361,-0.273212220416,1.87547056171,-0.413574368794,-1.33487388764,0.103181678753
3.803322,0.605396593257,-0.667319646661,-0.273101386051,1.87435762924,-0.41372919621,-1.33362000017,0.103078915895
3.813309,0.605912128584,-0.667140119831,-0.273032645307,1.8733054369,-0.413760498313,-1.33235205789,0.102870014289
3.823295,0.606023792419,-0.667080270344,-0.272960055293,1.8722057097,-0.413711621267,-1.33112211365,0.102808871127
3.833282,0.605969979903,-0.667182193645,-0.272962540921,1.871095555,-0.413759881001,-1.33000791577,0.102837590436
3.843269,0.605992751191,-0.667293723872,-0.273055567906,1.87012604074,-0.413783088401,-1.32899367015,0.102950061448
3.853255,0.606111807689,-0.667239177528,-0.273196685678,1.86916417925,-0.413609894433,-1.32791955104,0.103103626675
3.863242,0.60631502539,-0.667033671645,-0.273383528468,1.86798510622,-0.413422932807,-1.32667523474,0.103235010222
3.873228,0.606587227971,-0.666849199604,-0.273494750091,1.86671621022,-0.413433625006,-1.32534960107,0.103539991022
3.883215,0.606841776065,-0.666746732385,-0.273393412065,1.86568734427,-0.413515265258,-1.32408241298,0.104179481535
3.893202,0.606972987782,-0.666662934203,-0.273382677796,1.86495970644,-0.413597978825,-1.32292095255,0.104851482086
3.903188,0.606955420914,-0.666642308203,-0.273710175446,1.86430436775,-0.413735650905,-1.32194214193,0.105515230124
3.913175,0.60701027008,-0.66665556041,-0.273821716029,1.86350725156,-0.41383265733,-1.32104379688,0.106400524633
3.923162,0.607241843441,-0.666767137498,-0.273704632386,1.8624432744,-0.413782531751,-1.31995518263,0.107121990927
3.933148,0.607316315227,-0.666974596361,-0.273907100818,1.86121588199,-0.413610884024,-1.31882204827,0.10752379795
3.943135,0.607145933476,-0.667029938926,-0.273877056851,1.86031776188,-0.413412932729,-1.31776009486,0.108009192316
3.953121,0.607304988165,-0.666982533726,-0.273533368774,1.85954406319,-0.413266164157,-1.31650965276,0.108732882536
3.963108,0.607646402683,-0.666842493262,-0.273546216714,1.85855681226,-0.413209681127,-1.31510764754,0.109547783623
3.973095,0.607746785516,-0.666662977245,-0.273738806492,1.85751436377,-0.413233650178,-1.31366688679,0.110470574666
3.983081,0.607777240616,-0.666559932863,-0.27364675796,1.85646360934,-0.413345798584,-1.31221761743,0.111350313649
3.993068,0.607912539607,-0.666618353299,-0.273517648786,1.85540014762,-0.413471558401,-1.31073457313,0.112181573587
4.003054,0.608006599286,-0.666717780094,-0.273651593309,1.85448022719,-0.413556207067,-1.30929848974,0.113019666982
4.013041,0.60791244869,-0.666711390581,-0.273750949301,1.85359724475,-0.413633503075,-1.30811255914,0.113786537284
4.023028,0.607784248584,-0.666606316871,-0.273556011855,1.85255643231,-0.413662204582,-1.30706019015,0.114465018356
4.033014,0.607908711841,-0.666444685236,-0.273347632802,1.85152875077,-0.413589601977,-1.30586824096,0.114983477586
4.043001,0.608245791092,-0.666323660076,-0.273483416159,1.85069075166,-0.413551433424,-1.30465807579,0.115242708687
4.052987,0.608400224555,-0.666446652791,-0.273908866847,1.84981138547,-0.413731355047,-1.30367079699,0.115483043887
4.062974,0.608272770938,-0.666725180449,-0.274330584027,1.84881691724,-0.414032979632,-1.3027368301,0.115900582645
4.072961,0.608289694007,-0.666802511119,-0.274531109367,1.84780768189,-0.414129785532,-1.30185632347,0.11621554862
4.082947,0.608652241505,-0.666440981541,-0.274341487233,1.8467364267,-0.414104105394,-1.30113443346,0.116318560886
4.092934,0.608919585761,-0.66608340446,-0.274299187033,1.8456867438,-0.414270122703,-1.30034130241,0.116430537265
4.102920,0.608824208612,-0.666337572378,-0.274535265592,1.84469463306,-0.41438833856,-1.29959500279,0.116484652874
4.112907,0.608824912193,-0.666655015862,-0.274268278771,1.84362506094,-0.414234387835,-1.29893025011,0.11632285744
4.122894,0.608998900456,-0.666480416544,-0.273985007293,1.84266728476,-0.4141472811,-1.29840032946,0.116162639499
4.132880,0.6091079197,-0.665986122709,-0.273874013098,1.84189408395,-0.414091465086,-1.29800327816,0.116163897836
4.142867,0.609176311153,-0.665648049803,-0.273901463668,1.84106713079,-0.413939506375,-1.29772117122,0.116311713534
4.152854,0.609328688841,-0.665568664568,-0.274169935642,1.84023228511,-0.413719194756,-1.29750995651,0.116379166003
4.162840,0.60949253095,-0.665453659269,-0.274398306514,1.83951971573,-0.413566180782,-1.29718483625,0.116430551551
4.172827,0.60961883433,-0.665268417423,-0.274397764216,1.83880554656,-0.413694031248,-1.29688060001,0.116619267495
4.182813,0.609683701317,-0.665225791357,-0.27430947523,1.83800732548,-0.413879055432,-1.29674973339,0.116900900154
4.192800,0.609652289514,-0.665408152558,-0.274360567699,1.83724895416,-0.413808724401,-1.29654291438,0.117159832695
4.202787,0.609636081724,-0.66573200511,-0.274596884203,1.83662002518,-0.413588035276,-1.29594929308,0.117435875761
4.212773,0.609784739277,-0.666022015489,-0.274862610877,1.83596708868,-0.413473130192,-1.29505182362,0.117819237235
4.222760,0.609963111331,-0.666058052711,-0.274963975277,1.83512350517,-0.413517200816,-1.29415489308,0.118238195358
4.232746,0.609983265655,-0.665948736011,-0.274793836559,1.83428563143,-0.413653986664,-1.29346150397,0.118606527451
4.242733,0.609930790056,-0.665991906185,-0.274346001291,1.83358653792,-0.413768153047,-1.29290540568,0.119006914975
4.252720,0.610156817899,-0.665954123285,-0.273932044729,1.83294590999,-0.413839491051,-1.29236152615,0.119551507951
4.262706,0.610644579381,-0.665748474365,-0.273809292492,1.83214486885,-0.414028882997,-1.29172921977,0.120119497033
4.272693,0.610906689493,-0.665456844091,-0.273902200562,1.83105088695,-0.414156596485,-1.29083574076,0.12041988759
4.282679,0.610913880016,-0.665422567748,-0.273906702109,1.82994822556,-0.413873766151,-1.289789374,0.120454656334
4.292666,0.610815324547,-0.665710487227,-0.273824051969,1.8291748495,-0.413617631883,-1.28866691579,0.120521828913
4.302653,0.610659992505,-0.665855079582,-0.273836808756,1.82862149822,-0.41374766985,-1.28741114837,0.120874527238
4.312639,0.610693895183,-0.665733853241,-0.274008470756,1.82791082717,-0.413830315405,-1.28602398857,0.121510087231
4.322626,0.611072640209,-0.665599683527,-0.274285330185,1.82698846036,-0.41381634791,-1.28458426022,0.12206121561
4.332613,0.61143881292,-0.665493247337,-0.274391218321,1.82611313186,-0.41385380192,-1.28307610773,0.12237350683
4.342599,0.611512420583,-0.665452649502,-0.274121888585,1.82542568618,-0.41374381036,-1.28138900143,0.122550994293
4.352586,0.611577816484,-0.665511755397,-0.273769372869,1.82469465416,-0.413492128914,-1.27952849399,0.122705213846
4.362572,0.611849588551,-0.665603945221,-0.273674447651,1.82377567416,-0.413392263249,-1.27766233507,0.122901525951
4.372559,0.612101493907,-0.665704131305,-0.273712634258,1.82284832118,-0.413509754095,-1.27588398728,0.123192671435
4.382546,0.612240899536,-0.665834216922,-0.273758076268,1.82198430806,-0.413637572523,-1.27404687252,0.123485727203
4.392532,0.612432766939,-0.665903836264,-0.274044036679,1.82100822063,-0.41361045173,-1.27198852856,0.123576278999
4.402519,0.612589485643,-0.665954216878,-0.274427937107,1.81988475718,-0.413482197191,-1.26987898134,0.123598602438
4.412505,0.612764568769,-0.66616265049,-0.274695259394,1.81875620619,-0.413668701714,-1.26805001876,0.12378365822
4.422492,0.612990851156,-0.666277093563,-0.274585803925,1.81783034972,-0.414121403461,-1.26640400992,0.123823080958
4.432479,0.613099559396,-0.666087928948,-0.273932239816,1.81703138995,-0.413968148911,-1.26486671226,0.123608316614
4.442465,0.613210553686,-0.665856017971,-0.273786631801,1.81609656892,-0.413679146328,-1.26349550789,0.123610125302
4.452452,0.61345512524,-0.665805814679,-0.274021583247,1.81513116929,-0.414049461294,-1.26200289999,0.123656785583
4.462438,0.613493417299,-0.66582647939,-0.274019624397,1.81426673549,-0.414415787534,-1.26036525469,0.123427145094
4.472425,0.613494268093,-0.665637298781,-0.273903541286,1.81336819832,-0.414368002961,-1.25890060043,0.123333103977
4.482412,0.613783029675,-0.665484565748,-0.273828817757,1.81243172531,-0.414276818038,-1.25779121384,0.123444676432
4.492398,0.614095147985,-0.665518383299,-0.273775618606,1.81163526938,-0.414245907985,-1.25697743799,0.123472530082
4.502385,0.614390224315,-0.665594349359,-0.273780957232,1.81080691612,-0.414151408159,-1.25611311392,0.123491239408
4.512372,0.614740689676,-0.665490703813,-0.273771255206,1.80979401584,-0.413858136652,-1.25503366828,0.12347241863
4.522358,0.615005677481,-0.665282973921,-0.27374742463,1.80866245648,-0.413481167325,-1.25399313849,0.123360211265
4.532345,0.615077001988,-0.665167390153,-0.273809931471,1.80767073762,-0.413242058769,-1.25312089063,0.12336055661
4.542331,0.615075371088,-0.66516067332,-0.273909570679,1.80707633879,-0.413130125129,-1.25229233255,0.123572654274
4.552318,0.615167719522,-0.665206365705,-0.273926197783,1.8066943313,-0.413067655959,-1.25157712971,0.123737940459
4.562305,0.615424354623,-0.665214809335,-0.27389467946,1.80597261391,-0.413208304622,-1.25094894686,0.123785848148
4.572291,0.615673946925,-0.665023578886,-0.273860633583,1.80491948066,-0.413467088739,-1.25008031055,0.124001641878
4.582278,0.615832849375,-0.664684154622,-0.27392875296,1.80400537161,-0.413464190925,-1.24908081122,0.124241944163
4.592264,0.615958216519,-0.664466225759,-0.273790321069,1.80324610438,-0.413313614253,-1.248254296,0.124501046976
4.602251,0.616092300398,-0.664536851459,-0.273329745982,1.80256002988,-0.413507464043,-1.24769606919,0.124703182353
4.612238,0.616218068156,-0.664604098013,-0.273259740159,1.80193234031,-0.413668207775,-1.24723408559,0.124938196392
4.622224,0.616351820121,-0.664507516422,-0.273673647142,1.80128651661,-0.413619406418,-1.24655642459,0.12542761648
4.632211,0.616442095155,-0.66465018962,-0.273810261661,1.80065029928,-0.413459349203,-1.24568200901,0.126184171199
4.642197,0.616415899151,-0.664830633546,-0.273491718313,1.7999446178,-0.413535113974,-1.24466335183,0.127164882325
4.652184,0.616312612356,-0.664861332111,-0.273260183051,1.79912744092,-0.413741136302,-1.24359166874,0.127979922452
4.662171,0.616257595029,-0.664814421308,-0.273231323351,1.79831280221,-0.413610399105,-1.24248375504,0.128518219818
4.672157,0.616130847699,-0.66484700909,-0.272991208019,1.79751557004,-0.413302559094,-1.24130011054,0.129017166208
4.682144,0.615894384356,-0.664953786285,-0.272663427754,1.7968140249,-0.413252644345,-1.24005264053,0.129671401709
4.692130,0.615767644683,-0.664971110081,-0.27265290103,1.79621510589,-0.413480757022,-1.23882938678,0.130486961988
4.702117,0.615829297911,-0.664916966142,-0.272753533627,1.79560120073,-0.413607384441,-1.23773651108,0.131205604796
4.712104,0.615886493171,-0.664959507906,-0.272567035103,1.7949405591,-0.413419369999,-1.23676711297,0.131514147119
4.722090,0.615858730363,-0.665038202081,-0.272342586175,1.79422859447,-0.413234032785,-1.23574761838,0.131551387614
4.732077,0.615809747902,-0.665086212504,-0.272361083609,1.79340671224,-0.413381783854,-1.2346104363,0.131703640839
4.742064,0.615766863246,-0.665162739819,-0.272373100641,1.79269921967,-0.413429205611,-1.2336194028,0.131922215234
4.752050,0.615765586047,-0.665327234958,-0.272353222995,1.79229699123,-0.413294593938,-1.23283178593,0.132006421682
4.762037,0.615822087356,-0.665233047511,-0.272467870704,1.79173810512,-0.413351699127,-1.23199824219,0.132134241816
4.772023,0.615772271571,-0.665082530917,-0.272168678037,1.79096439489,-0.413423467373,-1.23087274,0.132301816764
4.782010,0.61569393662,-0.665041739897,-0.271676606507,1.79022517795,-0.413304462464,-1.22979250357,0.132380176942
4.791997,0.615802803993,-0.664996461034,-0.271548970718,1.78927071873,-0.413450330664,-1.22888973089,0.13220353407
4.801983,0.615787431582,-0.664863452569,-0.271605009616,1.78831465535,-0.413593969638,-1.22811213823,0.131847609743
4.811970,0.615564226146,-0.664680615133,-0.271483136171,1.78768558694,-0.413584745316,-1.22736529622,0.131693091805
4.821956,0.615375886595,-0.664523973088,-0.271155775603,1.78717046203,-0.413583927445,-1.22653252507,0.131765082951
4.831943,0.615225829239,-0.664442583294,-0.270854377328,1.78660788719,-0.413545877759,-1.22564833807,0.131916152475
4.841930,0.615156477966,-0.664426110736,-0.270635322921,1.7859385853,-0.413523357429,-1.22470482728,0.132057699237
4.851916,0.615263083361,-0.664400768437,-0.270471057504,1.78513082225,-0.413644724365,-1.22368179676,0.132107636098
4.861903,0.615462242836,-0.664289879242,-0.270495084964,1.78427073085,-0.413793355652,-1.22273405819,0.132019462118
4.871889,0.615605259508,-0.664121015373,-0.270574025383,1.7834905131,-0.413835866227,-1.22198879419,0.131884261954
4.881876,0.615655425825,-0.664119893348,-0.270271191494,1.78273718546,-0.413873414504,-1.22122790545,0.131900525067
4.891863,0.61558364249,-0.664443052384,-0.269821497301,1.78185948348,-0.41387684262,-1.22020922006,0.132143563465
4.901849,0.615422505925,-0.664665686495,-0.269901511306,1.78098914379,-0.41369298962,-1.21915743315,0.13230614604
4.911836,0.615250937378,-0.664558807979,-0.270252537449,1.78035958294,-0.413392821732,-1.21821724639,0.132099778443
4.921823,0.614964703683,-0.664422332687,-0.270169105447,1.77955290723,-0.413222611294,-1.21749418795,0.131741546378
4.931809,0.614850046397,-0.664374793558,-0.269662025166,1.77866401815,-0.413170118029,-1.21651710273,0.131728969603
4.941796,0.615103611769,-0.664420655767,-0.269155181088,1.77791627381,-0.413211092482,-1.21502435096,0.132091047329
4.951782,0.615154368172,-0.66446992806,-0.268846614064,1.77713913823,-0.413291989536,-1.21358470409,0.132260998996
4.961769,0.615009065432,-0.664361269589,-0.269113039749,1.77622220949,-0.413343136498,-1.21261809246,0.132135275406
4.971756,0.614926151101,-0.664136112881,-0.269290495753,1.77512070337,-0.413323755543,-1.21185786827,0.131976987988
4.981742,0.614870003988,-0.664108961503,-0.269225972019,1.77418388874,-0.413354380824,-1.21101477152,0.132217814241
4.991729,0.614806890967,-0.664143596669,-0.269081255401,1.77353475108,-0.413471668186,-1.21008431315,0.132690396478
5.001715,0.614706066248,-0.664174096166,-0.268707081182,1.77290972335,-0.413626247618,-1.20900070793,0.132870739652
5.011702,0.614710611074,-0.664286299406,-0.268276663073,1.77211022634,-0.413525196359,-1.20779988392,0.132784064185
5.021689,0.614927503386,-0.664518394606,-0.268029517861,1.77121327424,-0.413282613534,-1.20648966252,0.132782575783
5.031675,0.615268569207,-0.664729867967,-0.267853172873,1.77033749004,-0.413266795079,-1.20521583736,0.132978826821
5.041662,0.615499779167,-0.664715752616,-0.26761724208,1.76954572588,-0.413397168892,-1.2042379578,0.133232789284
5.051648,0.615421864841,-0.664486415521,-0.2673910597,1.76883201704,-0.413368997862,-1.20337311244,0.133414343427
5.061635,0.615181108095,-0.664262818205,-0.267122285442,1.76801826312,-0.41320579479,-1.20219440471,0.133499152965
5.071622,0.615082568079,-0.664107126906,-0.266747857445,1.76714475027,-0.413079514348,-1.2008238968,0.133421877545
5.081608,0.615002145347,-0.664039601405,-0.266553126374,1.76614159585,-0.413078818788,-1.19932554365,0.13319844125
5.091595,0.614900776476,-0.664226122554,-0.266449520409,1.76514359039,-0.413227022538,-1.19790321529,0.133151404156
5.101581,0.614997881506,-0.664297764026,-0.266170430287,1.76443616777,-0.413355818451,-1.19666281228,0.133295103706
5.111568,0.615191721278,-0.664280942098,-0.265875470887,1.7635997782,-0.413322283573,-1.19518205212,0.133528529687
5.121555,0.615203440646,-0.664287255114,-0.265731123671,1.76279093713,-0.413070143017,-1.19369156533,0.133869248635
5.131541,0.615311829829,-0.664303616379,-0.265538231026,1.76217383845,-0.412957821297,-1.19231482166,0.134016005917
5.141528,0.615335615913,-0.664340246869,-0.2654574909,1.76132379796,-0.413186487124,-1.19107631043,0.134007128451
5.151515,0.615148646992,-0.664191757915,-0.26544354595,1.76010400565,-0.413340983054,-1.18980199068,0.133979852555
5.161501,0.615048126457,-0.664027406386,-0.265133699823,1.75904250873,-0.413136489804,-1.18838930197,0.133874789696
5.171488,0.614954095907,-0.664066195106,-0.264737708633,1.75821530982,-0.413039703282,-1.18730160119,0.13375356816
5.181474,0.614817087727,-0.66410459659,-0.264593727242,1.75734693207,-0.413177617203,-1.18647819688,0.13357704609
5.191461,0.614813311034,-0.663999292105,-0.264550146309,1.75646479509,-0.413194508399,-1.18535482202,0.133400266846
5.201448,0.614910415376,-0.663932298463,-0.264380549729,1.7556815656,-0.413030168752,-1.18398076791,0.133358507371
5.211434,0.614898567729,-0.663941281861,-0.264220209292,1.75488684008,-0.412881361771,-1.18285715539,0.133425403532
5.221421,0.614868885403,-0.663879121312,-0.264106784413,1.75409529636,-0.412793667733,-1.1819621122,0.133523792504
5.231407,0.614998677692,-0.663882092248,-0.263717922899,1.75349899301,-0.412872448923,-1.18116025979,0.133498956123
5.241394,0.614978522237,-0.663950964852,-0.263133393823,1.75315558869,-0.412880536202,-1.18052909475,0.133217004501
5.251381,0.614788978966,-0.663954846351,-0.262974410745,1.75261810955,-0.412887827929,-1.17984281106,0.133173810506
5.261367,0.614653129689,-0.664112125863,-0.262925460039,1.75152652522,-0.412900804884,-1.17909221236,0.133442921686
5.271354,0.614747575542,-0.664077704336,-0.26270371561,1.75033318289,-0.413050301336,-1.17827091605,0.133708537416
5.281340,0.615016344945,-0.663651850493,-0.262657811584,1.74952510564,-0.413215670394,-1.17754073367,0.13412830944
5.291327,0.615200275466,-0.663593709739,-0.26270864559,1.7488561429,-0.41333399743,-1.17699749497,0.134532792732
5.301314,0.61533052513,-0.663700932097,-0.262632898704,1.74809389947,-0.413284990953,-1.17663584991,0.134909863814
5.311300,0.615332065472,-0.663659671805,-0.262729267658,1.74733076661,-0.413221518958,-1.17646785453,0.135439706248
5.321287,0.615198497142,-0.663556707992,-0.262877927967,1.74666948817,-0.413185859162,-1.17626992646,0.13625152121
5.331274,0.61503453751,-0.663314247751,-0.262721734395,1.74594693908,-0.413135151796,-1.17614979316,0.137354216897
5.341260,0.615009261492,-0.662894260983,-0.262527862661,1.74520069054,-0.413205827574,-1.17638979087,0.138398805732
5.351247,0.615108856289,-0.662479954216,-0.262452511765,1.74442907154,-0.413321371691,-1.17672260909,0.139304671014
5.361233,0.615133065415,-0.662313619919,-0.262297137105,1.74376661382,-0.413273400949,-1.17671646645,0.14030163637
5.371220,0.614922217805,-0.662535838692,-0.261984839314,1.74347802059,-0.413109292243,-1.17656204077,0.141311014309
5.381207,0.614585217199,-0.66298694358,-0.261653456452,1.74331994421,-0.413016007779,-1.17662875893,0.1421072563
5.391193,0.614464826776,-0.663170615212,-0.261485909491,1.7427505594,-0.413079370149,-1.17664898296,0.142868153097
5.401180,0.614626365116,-0.662926449606,-0.261544768226,1.74193041922,-0.413327155824,-1.1763446888,0.143628886752
5.411166,0.614698302427,-0.662695174342,-0.261589958839,1.74114182462,-0.413435615187,-1.17598636399,0.144249105756
5.421153,0.614807824133,-0.662756421035,-0.261250374351,1.74068175654,-0.413368908758,-1.17587005339,0.144831781195
5.431140,0.614934272971,-0.66295970627,-0.261065623505,1.74022351201,-0.413292817546,-1.17578918126,0.145543029021
5.441126,0.614904055289,-0.66304603766,-0.261146573483,1.73953985093,-0.413352273416,-1.17530595001,0.145907541913
5.451113,0.614802068767,-0.66295044127,-0.261116577952,1.73904346426,-0.413506981441,-1.17490700388,0.146166800154
5.461099,0.614837839291,-0.662696823778,-0.260765649938,1.73869445868,-0.413877835511,-1.17419956119,0.146359516711
5.471086,0.614915027998,-0.662711578013,-0.260435999751,1.73796496863,-0.414057036044,-1.17278319452,0.146297298327
5.481073,0.614741288115,-0.662881943236,-0.260343669686,1.73722990783,-0.414163607163,-1.17120736089,0.146221583428
5.491059,0.61452566956,-0.663145910338,-0.260147036646,1.73653744447,-0.414182888333,-1.16986489159,0.146130335635
5.501046,0.614497194538,-0.663337144403,-0.259740026402,1.73575696728,-0.414045857485,-1.16865164776,0.146166124247
5.511033,0.614619670591,-0.6632565049,-0.259491454649,1.73503111123,-0.413975668635,-1.16740136812,0.146381054841
5.521019,0.614756976807,-0.662954051292,-0.25922615689,1.73435438124,-0.414067297284,-1.16609281468,0.146618324055
5.531006,0.614818221417,-0.662683370966,-0.258599239862,1.73358459803,-0.414106023224,-1.1646047945,0.146708048171
5.540992,0.614767572569,-0.662615253806,-0.258095082179,1.73278186885,-0.414026481546,-1.16285118974,0.146612528467
5.550979,0.614691316877,-0.662733374511,-0.258055794788,1.73207863756,-0.413985659471,-1.16098955908,0.146478856397
5.560966,0.614730882166,-0.662934001019,-0.257745436694,1.73144403649,-0.413929422264,-1.15909611032,0.1465168217
5.570952,0.614758349567,-0.663115557065,-0.257376513485,1.73064294088,-0.413827815841,-1.15732785303,0.146541958902
5.580939,0.614835573924,-0.663255242039,-0.257398989551,1.72959007795,-0.413812939431,-1.15573808271,0.146230258865
5.590925,0.615210373673,-0.662933068751,-0.257018423452,1.72838029814,-0.413929159711,-1.15401483411,0.146169544159
5.600912,0.615570353647,-0.662609367188,-0.256370605648,1.72734538973,-0.413956071503,-1.15221609188,0.146395359206
5.610899,0.615694818003,-0.662818569971,-0.255996767955,1.72663138735,-0.413978624233,-1.15058900149,0.146418747097
5.620885,0.615574927663,-0.663085360892,-0.255863583156,1.72589316353,-0.414100028503,-1.1491067573,0.146167977792
5.630872,0.615332365388,-0.663029894755,-0.255702347515,1.7247808824,-0.414201567302,-1.1477432372,0.145975124572
5.640858,0.615416491728,-0.662687395974,-0.25535756421,1.72360540945,-0.414073152543,-1.14623960754,0.145964045606
5.650845,0.615660442354,-0.662481445945,-0.255101079005,1.72265146231,-0.413999438527,-1.14464936198,0.145885358181
5.660832,0.615708501861,-0.662427937833,-0.25479654951,1.72182717861,-0.414206279044,-1.14312732652,0.145645072864
5.670818,0.615614952575,-0.662325473801,-0.254365476906,1.72078887035,-0.414310844922,-1.1416698178,0.145527019599
5.680805,0.61547034632,-0.66215489864,-0.253923823118,1.71972993078,-0.414113409719,-1.14025681942,0.145729076703
5.690791,0.615228048214,-0.661981352752,-0.253513040072,1.71880867073,-0.413851187324,-1.13897262758,0.146076771484
5.700778,0.614997406297,-0.66184147791,-0.253218246602,1.71773827384,-0.413726281311,-1.1378379082,0.1461832802
5.710765,0.614914346998,-0.661692524549,-0.252956779563,1.71647743689,-0.413745292666,-1.13671083725,0.145995767405
5.720751,0.614844740174,-0.661448647442,-0.252442687158,1.71533639024,-0.413826277443,-1.13552083999,0.145940918804
5.730738,0.614783558487,-0.661266642331,-0.2520291977,1.71426386033,-0.413750353735,-1.13436881145,0.146138767674
5.740725,0.614925407636,-0.661254351158,-0.25167162364,1.71330258192,-0.413500928588,-1.13319377148,0.146275922398
5.750711,0.61520795029,-0.661299309538,-0.251316744031,1.712592872,-0.413293130959,-1.1321068886,0.146140878453
5.760698,0.615062092569,-0.661500374391,-0.25098851885,1.71182548395,-0.413302275701,-1.13121522272,0.145960888057
5.770684,0.614847615821,-0.661450988523,-0.250739566295,1.71059408909,-0.413411116464,-1.13036203194,0.145814115762
5.780671,0.615028304623,-0.661239752851,-0.250440576254,1.7095416917,-0.413613897403,-1.12927099353,0.145896342488
5.790658,0.615089878534,-0.661101789874,-0.250094525611,1.70857632914,-0.413740395179,-1.12802936209,0.146046855436
5.800644,0.615076307443,-0.661078442035,-0.249868727803,1.70734103144,-0.413797135745,-1.12697258079,0.146073895217
5.810631,0.615050790815,-0.661358284384,-0.249658929311,1.70617467183,-0.413685825183,-1.12573228313,0.145984010435
5.820617,0.615025432677,-0.661554328489,-0.249365845218,1.70526183495,-0.413642533074,-1.12436859525,0.145903154406
5.830604,0.614983386651,-0.661548723604,-0.248918926208,1.70436592818,-0.413696600972,-1.1227929187,0.145871271086
5.840591,0.614884112702,-0.661368876858,-0.248441009251,1.70320693713,-0.413757933634,-1.12098176924,0.145800755523
5.850577,0.614829232775,-0.661059528886,-0.248146606687,1.70184653678,-0.413698736915,-1.1192577625,0.145805614245
5.860564,0.61507079102,-0.660846960261,-0.248055000921,1.70061558223,-0.413589539664,-1.11775526756,0.145991271201
5.870550,0.615595004235,-0.660871218326,-0.247878940711,1.69960931689,-0.413518150146,-1.11628090324,0.146190856984
5.880537,0.616008528196,-0.660987741959,-0.2474771733,1.69852336226,-0.413455135584,-1.11467002349,0.14626546041
5.890524,0.616046710113,-0.661026780003,-0.247133005947,1.69716748002,-0.413470850543,-1.11290353428,0.146382538076
5.900510,0.615749774108,-0.660801427008,-0.246842965394,1.69576281188,-0.413407539518,-1.11130783452,0.146640937307
5.910497,0.615373021239,-0.660653722917,-0.246512526907,1.69458863109,-0.413336880331,-1.10998891298,0.14662144851
5.920484,0.615425626074,-0.660747440815,-0.24638513845,1.69371873597,-0.413369890137,-1.10827765324,0.146411677645
5.930470,0.615359753927,-0.660835019079,-0.246493853377,1.69293940159,-0.413318116139,-1.10625330378,0.146362774762
5.940457,0.615112953476,-0.660437274032,-0.246112877345,1.69163196496,-0.413357215728,-1.1045604323,0.146116086827
5.950443,0.61548706962,-0.65983007842,-0.245789322839,1.69025888615,-0.413334874065,-1.10322700136,0.14617531387
5.960430,0.615919611393,-0.659686213774,-0.245767883623,1.68912753219,-0.413440466059,-1.10157771158,0.146401816531
5.970417,0.616132346609,-0.660022815345,-0.245865131114,1.68801779243,-0.41338103893,-1.09987471332,0.146432531718
5.980403,0.616337231686,-0.660118052948,-0.245927517781,1.68686070503,-0.413323133481,-1.09853617345,0.146359504399
5.990390,0.616583808428,-0.659662394135,-0.245894032383,1.6858511727,-0.413322380607,-1.09715814117,0.146324249779
6.000376,0.616892477831,-0.659349474994,-0.24561770249,1.68474881675,-0.413394140046,-1.09584090906,0.146166760025
6.010363,0.617058857083,-0.65930857949,-0.245529136301,1.68359005224,-0.413457044676,-1.09459589316,0.1460599673
6.020350,0.617062068355,-0.659112690749,-0.24571739642,1.68242103303,-0.413403408124,-1.09317240033,0.146035883814
6.030336,0.616991909536,-0.658764210077,-0.245868386422,1.68125332958,-0.413314978556,-1.09173423856,0.145974906913
6.040323,0.616942189035,-0.658518924489,-0.245961710812,1.68020687493,-0.413331661268,-1.09067874869,0.145987188426
6.050309,0.61709507897,-0.658280514817,-0.24611304384,1.67927151093,-0.413357551035,-1.08992523486,0.146102472472
6.060296,0.617355253198,-0.657939140579,-0.246253992425,1.67836686782,-0.413212422516,-1.08918900771,0.14616095468
6.070283,0.617508129898,-0.657565800077,-0.246244873902,1.6774039261,-0.412975666122,-1.08841238916,0.146310410311
6.080269,0.617491569926,-0.657164167486,-0.246081009464,1.67630400376,-0.412975947707,-1.08744250179,0.146437408821
6.090256,0.61741705621,-0.656689586916,-0.245812624609,1.6749827352,-0.412921563408,-1.08655891462,0.146437187907
6.100242,0.61759910179,-0.656304584685,-0.245696821815,1.67384309456,-0.412875031547,-1.08594364701,0.146231928898
6.110229,0.617965888914,-0.656198528985,-0.245638699565,1.67295204888,-0.413155939934,-1.08546962257,0.146385912023
6.120216,0.618144483455,-0.656044392151,-0.245702683452,1.67175038088,-0.413323627402,-1.08519876489,0.14671201563
6.130202,0.618299072046,-0.655757275586,-0.245983761263,1.67045932168,-0.413262231752,-1.08514797898,0.146705165007
6.140189,0.618254638693,-0.655471130912,-0.245989715996,1.66958250598,-0.41295885023,-1.08506994417,0.146674554595
6.150176,0.618265843626,-0.655060006502,-0.245865472344,1.66899309892,-0.412625909806,-1.08511061292,0.146745015209
6.160162,0.618310726121,-0.654441667132,-0.245808685541,1.6683666827,-0.41235695449,-1.08516606292,0.146789290279
6.170149,0.618286722447,-0.653803951064,-0.245954613381,1.66727301366,-0.412249711129,-1.08503094541,0.146656394311
6.180135,0.618220454299,-0.65316590789,-0.246128609378,1.66606364212,-0.412213984871,-1.08484457704,0.146563260795
6.190122,0.618239928424,-0.652527578457,-0.246165971974,1.66513440525,-0.412153408313,-1.08494248752,0.146658690995
6.200109,0.618353602676,-0.651962429414,-0.246093492155,1.66428394873,-0.412142631076,-1.08531940418,0.146718555501
6.210095,0.618313018731,-0.651460431973,-0.245901626407,1.66335405725,-0.412339198791,-1.08558021656,0.146635347497
6.220082,0.618094579908,-0.650936458061,-0.245614349641,1.66244335113,-0.412638152411,-1.08558272973,0.146614226351
6.230068,0.618155423405,-0.650220158548,-0.245463484979,1.66131590119,-0.412586963501,-1.08562028601,0.146689662991
6.240055,0.618180344935,-0.649319875276,-0.245456357502,1.65984425632,-0.412456436179,-1.08551104168,0.146888130943
6.250042,0.618230932232,-0.648789145253,-0.245621513147,1.65850039038,-0.412464393293,-1.0852080055,0.146964541487
6.260028,0.618026218472,-0.648404669232,-0.245815911271,1.65729604619,-0.412275806967,-1.08503824891,0.146782885687
6.270015,0.617913769641,-0.647751937679,-0.246065962805,1.65631829529,-0.412020512783,-1.08500770643,0.14667846895
6.280001,0.618179766198,-0.647036159712,-0.245949904627,1.65560253778,-0.412112671543,-1.08515639573,0.14672186604
6.289988,0.618361090677,-0.646385176922,-0.245701770571,1.65442809769,-0.412031542981,-1.08516727812,0.146990300897
6.299975,0.618410423633,-0.645579612718,-0.245641464188,1.65289462066,-0.411945313877,-1.08490070601,0.146891457261
6.309961,0.618265028755,-0.644481297979,-0.245458632481,1.65148879162,-0.411735981431,-1.08471955481,0.146782766479
6.319948,0.617995748428,-0.643427402222,-0.245524931615,1.65012352071,-0.41150323697,-1.08490281342,0.146878333697
6.329935,0.617733259436,-0.642503145454,-0.245822965507,1.64885873227,-0.411471262526,-1.08508200918,0.147129189435
6.339921,0.617689672786,-0.641660054843,-0.24602113067,1.64765280543,-0.411458451902,-1.08528938611,0.147466711678
6.349908,0.617815607222,-0.640824225162,-0.246063446378,1.64632504411,-0.411384570579,-1.08555502318,0.147739907071
6.359894,0.617969777361,-0.639891186575,-0.246085440728,1.644891204,-0.411347115815,-1.08577465809,0.147877039528
6.369881,0.618074614286,-0.638977480161,-0.246185610157,1.64345394743,-0.411286225596,-1.08596083847,0.147979092122
6.379868,0.618076326827,-0.638181387514,-0.246273815651,1.64202623848,-0.411108619051,-1.08611270763,0.14823279174
6.389854,0.618010061333,-0.637198018781,-0.246086693044,1.64055542487,-0.410841982241,-1.08620764758,0.148782376159
6.399841,0.617845078595,-0.636068313169,-0.245827605112,1.63880333525,-0.410452824319,-1.08638991956,0.149527267853
6.409827,0.61760584595,-0.635014963768,-0.245983645551,1.63717771979,-0.410266205431,-1.08660024066,0.150418879414
6.419814,0.617335218377,-0.633899216241,-0.24595532646,1.63603385539,-0.410489056357,-1.08644557006,0.150999137855
6.429801,0.617185471716,-0.632988774729,-0.245931642484,1.63454235369,-0.410681892076,-1.0861148408,0.151453967414
6.439787,0.617223045884,-0.632035556818,-0.246204515884,1.63251798782,-0.410605409223,-1.08631730944,0.152176818888
6.449774,0.61718993727,-0.631144124218,-0.246429553234,1.63066016159,-0.410533846977,-1.08652922145,0.152727180986
6.459760,0.617400199432,-0.63010147008,-0.246479320188,1.62929312174,-0.410545850981,-1.08648643368,0.153274610755
6.469747,0.617390177268,-0.629141691197,-0.24639664158,1.62794062628,-0.410552100814,-1.08632144411,0.153558562777
6.479734,0.617238403952,-0.628212698574,-0.246322001554,1.62624359099,-0.410712921534,-1.08618390891,0.153661309852
6.489720,0.617232133677,-0.627306471204,-0.246324202422,1.6247840011,-0.410649404749,-1.08621950804,0.153657931078
6.499707,0.617351101732,-0.62640422426,-0.246341360106,1.62380659343,-0.410203106766,-1.08654705919,0.153659206273
6.509694,0.617337957994,-0.625576817283,-0.246497657826,1.62294508911,-0.409902978103,-1.08690087849,0.153668192375
6.519680,0.617050033427,-0.624827510242,-0.246721706739,1.62183028352,-0.409957318118,-1.08708723236,0.153783135602
6.529667,0.616676040758,-0.624082702467,-0.246687458324,1.62036804238,-0.40996277072,-1.08730201478,0.153896730687
6.539653,0.616525054504,-0.623244888266,-0.246377159282,1.61894522811,-0.409779359867,-1.08764041842,0.153756170743
6.549640,0.616595796919,-0.622289000838,-0.246171197828,1.6180353546,-0.409648621527,-1.08776988207,0.153559412893
6.559627,0.616653257342,-0.621487204256,-0.246218522581,1.61730491278,-0.409436045041,-1.08754189697,0.153678283994
6.569613,0.616771768274,-0.62105540422,-0.246325702185,1.6164073409,-0.40901574252,-1.08742636823,0.153964086696
6.579600,0.616893496158,-0.620461338659,-0.246568060346,1.61552165416,-0.408776038708,-1.08759922756,0.154136287488
6.589586,0.616804987724,-0.619677383985,-0.246685789184,1.61455882069,-0.408734289159,-1.08820432406,0.154102181187
6.599573,0.616703731246,-0.619560912686,-0.246898099238,1.6141593312,-0.408730663335,-1.08881708845,0.154267379921
6.609560,0.616589973333,-0.619613949503,-0.246679728258,1.61414130259,-0.408711661927,-1.08937604616,0.154496172482
6.619546,0.616400005627,-0.619226723577,-0.246680914711,1.61396444496,-0.408589042702,-1.09005035522,0.154195409603
6.629533,0.616569030234,-0.618859900135,-0.246637112762,1.6135014908,-0.408398094259,-1.09064595856,0.154149382816
6.639519,0.616857994198,-0.618802308657,-0.246471735154,1.6130535587,-0.40822107815,-1.09098080807,0.154494001425
6.649506,0.616894465977,-0.61894349023,-0.24650816849,1.61327186353,-0.408006134914,-1.09111124402,0.154706201122
6.659493,0.616571253274,-0.618863284694,-0.246652536619,1.61365459132,-0.407635425157,-1.09131303263,0.154641794211
6.669479,0.616318093377,-0.618713842036,-0.246750206418,1.61378724622,-0.407041785136,-1.09163442098,0.154473943022
6.679466,0.616452455508,-0.618673616098,-0.246709852523,1.61367721128,-0.406472489966,-1.09180251059,0.154301361085
6.689452,0.616702697163,-0.618608951976,-0.246680650761,1.61346416539,-0.406014211051,-1.09191052668,0.154263852784
6.699439,0.61665963828,-0.618449875046,-0.246755293782,1.61349388418,-0.405684354705,-1.09230002798,0.154501889793
6.709426,0.616430854362,-0.618283737892,-0.24680372047,1.61387325745,-0.405681302111,-1.0927700254,0.15486604852
6.719412,0.616357853173,-0.618181339529,-0.246870545084,1.61405562107,-0.405897742585,-1.09282267684,0.154995234955
6.729399,0.616343255806,-0.618216025321,-0.247019549724,1.61380423464,-0.405883678599,-1.09260360769,0.154841010971
6.739386,0.616328749181,-0.618141958588,-0.246841370733,1.61355153815,-0.405638965116,-1.09249234993,0.154911716228
6.749372,0.616314332717,-0.617992519144,-0.24647801314,1.61370829952,-0.405403254745,-1.09241730043,0.155210612154
6.759359,0.616300867042,-0.61818893655,-0.246431169139,1.61369818351,-0.405390798424,-1.09234145044,0.155268701377
6.769345,0.616313055383,-0.618165784588,-0.246403111047,1.61374431123,-0.405370076582,-1.09251043423,0.155125546128
6.779332,0.616543298548,-0.617848342277,-0.246422626908,1.61350228437,-0.405480761119,-1.09242349434,0.154828709736
6.789319,0.616888434758,-0.617744126003,-0.246297115694,1.61362817576,-0.405310968543,-1.0923833884,0.154705053191
6.799305,0.616981323859,-0.617732782306,-0.246253240994,1.61386928761,-0.405070305525,-1.09239449416,0.154817197037
6.809292,0.616794853543,-0.617744295468,-0.246357207665,1.61387309654,-0.405083153563,-1.09250166352,0.154968195882
6.819278,0.616536793618,-0.617838980349,-0.246612925384,1.61398277473,-0.405055415027,-1.09268589292,0.155051800283
6.829265,0.616495754246,-0.618005378988,-0.246779005704,1.61404985969,-0.404988219202,-1.09287030695,0.154983215516
6.839252,0.616477749748,-0.618115324708,-0.246668113458,1.61379276885,-0.405052333094,-1.0930479205,0.154966606661
6.849238,0.616404027789,-0.61818929284,-0.246494023202,1.61364539124,-0.405205440326,-1.0930939298,0.155035297923
6.859225,0.616471456246,-0.618169143927,-0.246512814062,1.61382959372,-0.405309816655,-1.09298004006,0.155056687986
6.869211,0.616552296665,-0.618015660527,-0.24666228183,1.61395237153,-0.405235649302,-1.09296454294,0.155042092166
6.879198,0.616364135842,-0.618010977182,-0.246695122929,1.61392295662,-0.405025529406,-1.0931806798,0.155004255877
6.889185,0.616179883171,-0.618179732114,-0.246467014443,1.61400320794,-0.404984941251,-1.09330384039,0.154888823401
6.899171,0.616280934089,-0.61795216478,-0.246203623371,1.61406158554,-0.405106632086,-1.09311140237,0.154917945451
6.909158,0.616331456563,-0.617618277801,-0.246423690885,1.61401935432,-0.405140184669,-1.09299324888,0.155152374024
6.919145,0.616565583827,-0.617423482049,-0.246751347541,1.61392728289,-0.405135967539,-1.09288004686,0.155354001127
6.929131,0.616644768444,-0.617519005292,-0.246845710835,1.61374045078,-0.405109911605,-1.09256694225,0.155111579256
6.939118,0.616392781913,-0.617811966043,-0.246577865595,1.61397628332,-0.404891480415,-1.09262215179,0.154774062481
6.949104,0.616500162022,-0.617822714394,-0.246346906888,1.61420541555,-0.404871183619,-1.09291740828,0.154758951718
6.959091,0.616958857132,-0.617644452702,-0.246303664587,1.61415714425,-0.405285677668,-1.09306227455,0.154944094456
6.969078,0.617049316578,-0.617788223253,-0.246488623062,1.61389958334,-0.405370294344,-1.09304458618,0.154893032631
6.979064,0.616982620184,-0.617931332067,-0.246653241727,1.613736445,-0.405232716293,-1.09289011506,0.154832478142
6.989051,0.616956349634,-0.617958806562,-0.246587554864,1.61364188504,-0.405224645664,-1.09272151771,0.154809551855
6.999037,0.616790585773,-0.6181067076,-0.246668391115,1.6134809909,-0.40530237892,-1.09286650062,0.154737370165
7.009024,0.616661261457,-0.618139582449,-0.246837954876,1.61346019585,-0.405382338719,-1.09298502341,0.154721378708
7.019011,0.616635237221,-0.617873425744,-0.246939555896,1.6136069798,-0.405475001911,-1.09306179537,0.154911502409
7.028997,0.616502483472,-0.617670803717,-0.246967910643,1.61379018408,-0.405512392072,-1.09322953201,0.155075847922
7.038984,0.61633216093,-0.617677665408,-0.246771720411,1.61392834808,-0.405576997718,-1.09321101302,0.1549747971
7.048970,0.616240715488,-0.617610767304,-0.246444094109,1.61392283947,-0.405632968945,-1.09302492903,0.154788796235
7.058957,0.616096131451,-0.617633741555,-0.2464891121,1.61382665851,-0.405213296863,-1.09303536959,0.154685888089
7.068944,0.616417757129,-0.617896698823,-0.246653875791,1.61380555408,-0.404851895418,-1.09299287314,0.154757452979
7.078930,0.61690276728,-0.618086855126,-0.246673274697,1.61396792421,-0.405130914067,-1.09292837762,0.154911545335
7.088917,0.616873862023,-0.618014283975,-0.246574388376,1.6141153418,-0.405152561144,-1.09308978879,0.154707348601
7.098903,0.616550116039,-0.617935952616,-0.246610648721,1.61407934632,-0.404930832225,-1.09298913341,0.154703445501
7.108890,0.616308182936,-0.617973095954,-0.246722724464,1.61388568825,-0.405050125609,-1.09295015673,0.154915628188
7.118877,0.616352798822,-0.617944206115,-0.246562756658,1.61429294448,-0.405316786181,-1.0929517413,0.154717855996
7.128863,0.616511691345,-0.617984141711,-0.246533459497,1.61458048941,-0.405579987298,-1.09294948438,0.154473768503
7.138850,0.61647396777,-0.618161638573,-0.246511757615,1.61428247864,-0.405538508687,-1.09286652551,0.15429642202
7.148837,0.616305475087,-0.618515634751,-0.24662225082,1.6141489986,-0.405384527732,-1.09286345668,0.154211154697
7.158823,0.616281873902,-0.618527864538,-0.246776778223,1.61404786256,-0.405202862738,-1.09287220945,0.154455523026
7.168810,0.616342076813,-0.618379810552,-0.246802721014,1.61395816812,-0.405171168536,-1.09271706196,0.154863986112
7.178796,0.61628142434,-0.618277968439,-0.246540108588,1.61415699615,-0.405243868339,-1.09267921641,0.155034011977
7.188783,0.616172019253,-0.618188497919,-0.246405628908,1.61432466037,-0.405265108432,-1.0927081673,0.154923749203
7.198770,0.616135695224,-0.618256127764,-0.246671218382,1.61426690684,-0.405254362558,-1.09274229394,0.154842776957
7.208756,0.616122490501,-0.61847552724,-0.246807938437,1.61421095177,-0.405219385595,-1.09300981089,0.15490931123
7.218743,0.61607543017,-0.618457467586,-0.246550272065,1.61413494284,-0.405136248548,-1.09327558799,0.154876415802
7.228729,0.61598817604,-0.618180810109,-0.24640033207,1.61421205127,-0.405203484327,-1.09324381776,0.154644861109
7.238716,0.616002439466,-0.617817950448,-0.246366097463,1.61427626387,-0.405214442985,-1.0932343816,0.154594480743
7.248703,0.615996339229,-0.617627799167,-0.246646484981,1.61423519664,-0.404978631129,-1.09347047074,0.154859705391
7.258689,0.615985644323,-0.617551618525,-0.246723443617,1.61416033903,-0.404970855768,-1.09345949362,0.155088463401
7.268676,0.616497419555,-0.617582290954,-0.246615654318,1.61405383794,-0.405084608078,-1.09311727494,0.155119954572
7.278662,0.616366131319,-0.617438239135,-0.246653459818,1.61423930598,-0.405022292033,-1.09302583975,0.15488521664
7.288649,0.616119761461,-0.617500988886,-0.246766431464,1.61446931814,-0.405188365016,-1.09302167837,0.154509192431
7.298636,0.615936865716,-0.617881863659,-0.246624248295,1.61467910137,-0.405226727965,-1.09302941054,0.154477814259
7.308622,0.615835694564,-0.618232942507,-0.246670335266,1.61446301031,-0.405423827606,-1.09312018375,0.154723172743
7.318609,0.615997331861,-0.618412275795,-0.24681739485,1.6143387687,-0.405328681872,-1.0931209363,0.154812155062
7.328596,0.616159121278,-0.6185251094,-0.246925212525,1.61438187175,-0.40491806545,-1.09280273466,0.154661171147
7.338582,0.61611151801,-0.618261757257,-0.246935053805,1.61442262588,-0.404842824409,-1.09265346593,0.154493402455
7.348569,0.616071345253,-0.618000691106,-0.24693812643,1.61422037065,-0.405116688933,-1.09298105464,0.15430727687
7.358555,0.61619084402,-0.61814503287,-0.24689220916,1.61409597936,-0.405415333774,-1.09329190049,0.154227246728
7.368542,0.616268247749,-0.618279421241,-0.246831317203,1.61429945846,-0.405536214345,-1.09322824925,0.154354519121
7.378529,0.616185317115,-0.618166793143,-0.246821004228,1.6143932965,-0.405490290032,-1.09308586477,0.154485278614
7.388515,0.616127235019,-0.61810175279,-0.246651113617,1.61430564455,-0.405534121006,-1.09305760088,0.154529576918
7.398502,0.616086920413,-0.617895860237,-0.246538448418,1.6145900094,-0.405486044855,-1.0930874523,0.154504413439
7.408488,0.615846053673,-0.618037881951,-0.246723508706,1.61509535674,-0.405443002693,-1.09318065935,0.154533678715
7.418475,0.615837156261,-0.618150523312,-0.246615983755,1.61457990899,-0.405829828056,-1.09313986443,0.154503986313
7.428462,0.615938118225,-0.617737516681,-0.246829872248,1.61402210007,-0.405870451112,-1.09302134795,0.154540820086
7.438448,0.615622563903,-0.61755541405,-0.246851151988,1.61397260724,-0.405399896262,-1.09310342393,0.154497957964
7.448435,0.615734096818,-0.617583793808,-0.246742470958,1.61393723008,-0.405431285159,-1.09293780535,0.154529680504
7.458421,0.615987007217,-0.617661063475,-0.246900090759,1.61396792325,-0.405716363074,-1.09322318785,0.154500233395
7.468408,0.615840401519,-0.617971477451,-0.246844541885,1.61385431404,-0.40555590047,-1.09345659836,0.154617404677
7.478395,0.615681459182,-0.618299383742,-0.24678768869,1.61396383704,-0.405599864658,-1.09327717905,0.15459982156
7.488381,0.615745420191,-0.618428282752,-0.246860403881,1.61414012899,-0.405752423558,-1.09328708466,0.154601387833
7.498368,0.615971308519,-0.618196450689,-0.247103443735,1.61415739641,-0.405538886116,-1.09344392809,0.154761046582
7.508355,0.616243085326,-0.618063830252,-0.247177873148,1.61430304473,-0.405257450705,-1.09327189361,0.154731168839
7.518341,0.616317262024,-0.61805632123,-0.246905429245,1.61438492603,-0.405308513735,-1.09291716997,0.154554404284
7.528328,0.61622674121,-0.617927718804,-0.246693289419,1.61428855199,-0.405513108754,-1.09273961896,0.154550289494
7.538314,0.616144784825,-0.617831430104,-0.24679619434,1.6143639952,-0.405530623525,-1.09280549337,0.154661407779
7.548301,0.616069179067,-0.61790432671,-0.246934670961,1.61447083204,-0.405370116543,-1.09305669767,0.154691562753
7.558288,0.616176073158,-0.617895955437,-0.246989866182,1.61431581204,-0.405196018082,-1.09321208952,0.15472103409
7.568274,0.616471734666,-0.617674569768,-0.246990041724,1.61450941714,-0.405068507342,-1.0929848611,0.15485221962
7.578261,0.616495254069,-0.617691805883,-0.247116395188,1.6148422681,-0.405233521435,-1.09276618959,0.155015753292
7.588247,0.616120220436,-0.617926144021,-0.247038798331,1.61470348983,-0.405273787481,-1.09272570606,0.154935185748
7.598234,0.61550757517,-0.61804978474,-0.246838817948,1.61453609728,-0.405109872276,-1.09272834019,0.154732265187
