time,right_s0,right_s1,right_e0,right_e1,right_w0,right_w1,right_w2
0.720909,0.616313637287,-0.610919430491,-0.24422530319,1.61184926714,-0.403757064671,-1.0988016513,0.158369569602
0.730894,0.617199511828,-0.609857407804,-0.243386613707,1.61289111171,-0.403430333355,-1.09919949087,0.159205074388
0.740879,0.618047015797,-0.609288841255,-0.242646304365,1.61401207588,-0.403059026545,-1.09962074074,0.159847583991
0.750864,0.618798458953,-0.608635826957,-0.241959119764,1.61508578044,-0.402819168395,-1.09986446517,0.160350624616
0.760849,0.61930409894,-0.608140928895,-0.241311590816,1.61607500403,-0.402483511968,-1.10021253078,0.160841038072
0.770835,0.619697767183,-0.607552899821,-0.240555699763,1.61696493159,-0.402037279773,-1.10061926449,0.161197828921
0.780820,0.620133531,-0.606719531915,-0.239792476386,1.61784229776,-0.401705016429,-1.10086693858,0.161466926532
0.790805,0.620623901846,-0.605928390067,-0.239220681595,1.61872211252,-0.401588057026,-1.10087348165,0.161932378437
0.800790,0.62120813242,-0.605346443533,-0.238571050551,1.61935116614,-0.401324143878,-1.10077871339,0.16264696001
0.810775,0.622073272786,-0.604727052992,-0.237843855485,1.62012233671,-0.40050378403,-1.10097265734,0.163303396297
0.820760,0.622962417357,-0.604123178382,-0.23737939103,1.62112063835,-0.399937864786,-1.10143914721,0.163982632097
0.830745,0.623720054867,-0.603724052409,-0.236829671747,1.62176823117,-0.399654113432,-1.10156174033,0.164624033127
0.840730,0.624211090621,-0.603731449895,-0.235900975275,1.62261685424,-0.399397400001,-1.10147321833,0.164984731611
0.850716,0.624406371994,-0.60348199831,-0.235334287707,1.62344970657,-0.3992544998,-1.10152705189,0.165292750109
0.860701,0.624438347189,-0.602843062422,-0.23513799644,1.62404570083,-0.399192590143,-1.1019143338,0.165641232905
0.870686,0.624648166766,-0.602102577728,-0.234834168628,1.62459619459,-0.399148272584,-1.10251928205,0.165993564383
0.880671,0.625327594729,-0.601479413656,-0.23419812842,1.62546881572,-0.399125463029,-1.10304605303,0.166332377288
0.890656,0.626230411065,-0.60101634679,-0.233412295088,1.62653989253,-0.399048719985,-1.10331395898,0.166643560844
0.900641,0.62664097668,-0.600614696743,-0.23275816799,1.62713350613,-0.398811022373,-1.10338796778,0.166860912103
0.910626,0.627014504584,-0.600435376079,-0.232579762352,1.62789203332,-0.398444612474,-1.10391305861,0.16722806405
0.920611,0.627605073175,-0.600270389833,-0.232233644837,1.62887281596,-0.398438971869,-1.10431825256,0.167793518779
0.930596,0.627872690021,-0.599778410238,-0.231472062615,1.62926770962,-0.398395940529,-1.10470379511,0.168054868053
0.940582,0.627822327915,-0.599112390519,-0.230956816658,1.62920077082,-0.398056062315,-1.1051383604,0.168204667016
0.950567,0.628020751207,-0.598495007408,-0.230750335301,1.62920851385,-0.39763392073,-1.10547822704,0.168612941365
0.960552,0.628611149861,-0.598141592042,-0.230516618195,1.62957101242,-0.397407740286,-1.10572854182,0.16928405413
0.970537,0.629013468954,-0.598163375595,-0.230166774843,1.63016299554,-0.397296583823,-1.10620117239,0.169902765226
0.980522,0.629084941114,-0.598264714699,-0.2297893592,1.63089661938,-0.397025885577,-1.10705806044,0.170486943171
0.990507,0.62945275935,-0.598102069772,-0.229331738565,1.63117215247,-0.397030383217,-1.10803404799,0.171041841334
1.000492,0.629817352198,-0.597898284517,-0.228939580343,1.63139818463,-0.39695255501,-1.10900219227,0.171384761053
1.010477,0.630002631454,-0.59739152193,-0.228722991651,1.63218985273,-0.396750273471,-1.11027846122,0.171704381705
1.020463,0.630227830821,-0.596988580479,-0.228403864536,1.63330315483,-0.396417379628,-1.11178971646,0.172245146988
1.030448,0.630544309389,-0.596710104966,-0.228047248436,1.6342194746,-0.396142978611,-1.11317893255,0.172702433797
1.040433,0.630787660012,-0.596514399645,-0.227853262864,1.63464015084,-0.395972149624,-1.1143056234,0.172911299452
1.050418,0.630851595174,-0.596328678953,-0.227830972004,1.63485806453,-0.395863221062,-1.11536350275,0.173110296214
1.060403,0.630956011483,-0.595994031107,-0.227754647471,1.6355031807,-0.395885589679,-1.116640762,0.173592302179
1.070388,0.631512551379,-0.595484933634,-0.227568305608,1.63651025878,-0.396150863202,-1.11815056573,0.17404033722
1.080373,0.631622850374,-0.595333736866,-0.227550007474,1.63685384063,-0.396008098372,-1.11951663448,0.174051186379
1.090358,0.631361670358,-0.59531037727,-0.227456190967,1.63746048852,-0.39580865431,-1.12042464656,0.174181424319
1.100343,0.631369031868,-0.595213606488,-0.227102165014,1.63818235586,-0.395590684492,-1.1212992267,0.174223333887
1.110329,0.631364382833,-0.595288728099,-0.226673602385,1.63882140343,-0.395471205171,-1.12223981469,0.174452211377
1.120314,0.631248797507,-0.595438879385,-0.226232785949,1.63965332996,-0.395434158121,-1.12337863073,0.174796419058
1.130299,0.631183902521,-0.595347219049,-0.226054247519,1.64066080308,-0.395515260122,-1.12480235623,0.174961151409
1.140284,0.631230941163,-0.594995695183,-0.226216559364,1.64158173246,-0.395727969753,-1.126408697,0.174900341724
1.150269,0.631219214898,-0.594768968646,-0.226318058407,1.64232847703,-0.395919397619,-1.12797414016,0.174984798249
1.160254,0.631365563528,-0.594543533233,-0.226432639806,1.64283404318,-0.395922585764,-1.12955219589,0.175351963529
1.170239,0.631740940406,-0.594488054739,-0.226617601427,1.64337093486,-0.396056373252,-1.1305289342,0.175677359627
1.180224,0.63167633275,-0.594779126532,-0.226353346291,1.64439841863,-0.396079605151,-1.13148340914,0.175914173274
1.190210,0.63169103483,-0.594955432671,-0.225900948729,1.64568689161,-0.395895971403,-1.13269083716,0.175992708134
1.200195,0.631698002364,-0.59489003375,-0.225621130868,1.64676341026,-0.395576273521,-1.13398970002,0.175912249225
1.210180,0.63153317599,-0.594724288468,-0.225651363147,1.64773133292,-0.395309830831,-1.13531418051,0.175832096291
1.220165,0.63122781926,-0.594611368703,-0.225812421984,1.64884612725,-0.395143528056,-1.13645105777,0.175854799336
1.230150,0.630915398334,-0.594588206133,-0.225799455566,1.65006260906,-0.395099740558,-1.13736328508,0.176037410243
1.240135,0.630641160207,-0.594645816839,-0.225558011313,1.65115946002,-0.395339458526,-1.1384439555,0.176402293504
1.250120,0.630527567505,-0.594904098735,-0.22559925239,1.65266046809,-0.395701827612,-1.13942610468,0.176490640424
1.260105,0.630716363028,-0.595026472745,-0.225510480234,1.65376380433,-0.395698934356,-1.13994747926,0.176460231994
1.270090,0.630733130527,-0.595073093541,-0.225330280599,1.65477450071,-0.395671241853,-1.14066184466,0.176320522006
1.280076,0.63090451866,-0.595193140179,-0.224820020685,1.65606345795,-0.395796376975,-1.14161379892,0.176391772958
1.290061,0.630654224772,-0.595399924543,-0.224376687212,1.65744631342,-0.395902231681,-1.14233563797,0.176491430485
1.300046,0.630118203702,-0.595495252395,-0.224407548089,1.65909623452,-0.395897041733,-1.14274287743,0.176545947615
1.310031,0.629755419932,-0.595523132901,-0.224849326284,1.66086958608,-0.39579944786,-1.14318110805,0.176576666267
1.320016,0.629750666461,-0.595626230731,-0.225221716339,1.66232271518,-0.395700379036,-1.14403621294,0.176600796958
1.330001,0.629873850205,-0.595640484196,-0.225140407924,1.66338930762,-0.395691611777,-1.14528682303,0.176599538414
1.339986,0.62984079405,-0.595762921898,-0.224832782495,1.66418738561,-0.39563681338,-1.14644435833,0.176501714032
1.349971,0.62934033314,-0.595793747974,-0.224799227694,1.66522218779,-0.395599954765,-1.14739101011,0.176338297992
1.359957,0.629034154357,-0.5957940363,-0.224867231167,1.66642256688,-0.395479190251,-1.1487085905,0.176292005344
1.369942,0.629122242415,-0.595816365721,-0.224836502737,1.66775192022,-0.395280536838,-1.15031935736,0.176282228735
1.379927,0.629142948616,-0.596054168813,-0.224896309105,1.66891664588,-0.395230839615,-1.15173438454,0.176217139009
1.389912,0.628917914133,-0.596574611016,-0.224868811827,1.66965968193,-0.395108054172,-1.15288356911,0.176143914554
1.399897,0.628704373906,-0.597207967275,-0.224743099943,1.67018151994,-0.394931426222,-1.15407849269,0.176246417721
1.409882,0.628653844386,-0.597730798925,-0.224760521599,1.67094361119,-0.395052284952,-1.15561437511,0.176577225491
1.419867,0.628289193046,-0.598137630281,-0.224830064333,1.67197814501,-0.395408674764,-1.15745913751,0.176786524072
1.429852,0.627540152866,-0.598372680336,-0.224675039844,1.67278470062,-0.395547417273,-1.15949402785,0.176567350806
1.439837,0.627147654107,-0.598713622257,-0.224676739027,1.67394726504,-0.395426327668,-1.16154044488,0.176332525185
1.449823,0.626978720584,-0.599178886409,-0.224661533658,1.67503931775,-0.395457959404,-1.16329463377,0.176255233342
1.459808,0.626784828114,-0.599650531175,-0.224613010447,1.67593214213,-0.395789566335,-1.16462965497,0.176302778906
1.469793,0.626677941765,-0.600126730966,-0.224487950994,1.67702745256,-0.39611318056,-1.16593986203,0.176371233472
1.479778,0.62658244701,-0.600710235341,-0.224469542081,1.67828911339,-0.396380021377,-1.16741189928,0.176433997382
1.489763,0.626412781719,-0.601292977171,-0.22466823855,1.67960308765,-0.396560882377,-1.16883995879,0.176569749363
1.499748,0.626201154,-0.601668425787,-0.224966495203,1.68103391836,-0.396571867152,-1.16997444653,0.176734187951
1.509733,0.625926784362,-0.602082202132,-0.22523710633,1.68246007141,-0.396657454225,-1.17098756028,0.176542304688
1.519718,0.625846396988,-0.60295755283,-0.225299555531,1.68378291641,-0.396954309029,-1.17189888507,0.176161943332
1.529704,0.625476289284,-0.603946015008,-0.22536869264,1.68505480675,-0.397194956912,-1.17262692536,0.176136065905
1.539689,0.624758404383,-0.604655145672,-0.225313533106,1.68622540326,-0.397285833764,-1.17320714771,0.176249027694
1.549674,0.62457969849,-0.605277319932,-0.225299250876,1.68756440753,-0.397632435286,-1.17356775184,0.176290204337
1.559659,0.624762490352,-0.605960538784,-0.225345114573,1.68884309249,-0.397969780319,-1.17383590407,0.176270645542
1.569644,0.624994188659,-0.606977006702,-0.225464265031,1.69003058745,-0.398085479293,-1.17408315761,0.176277215109
1.579629,0.625041860982,-0.608383086862,-0.225663201011,1.69128135394,-0.398032945217,-1.17421282539,0.176319355584
1.589614,0.624817826907,-0.609816074733,-0.225880727164,1.69258906353,-0.397938159866,-1.17415638436,0.176293781065
1.599599,0.624623463099,-0.610872127031,-0.2259929682,1.69367177011,-0.39775547181,-1.17418807388,0.176119123504
1.609584,0.624366448103,-0.611819532365,-0.226056368623,1.69492295615,-0.397651303907,-1.17413352262,0.176028158681
1.619570,0.623851694609,-0.612656103018,-0.226015741663,1.69645763111,-0.397902569921,-1.17383117987,0.176068655524
1.629555,0.623695878567,-0.613543187833,-0.22583402883,1.69808793417,-0.398241478938,-1.17369054226,0.176090726596
1.639540,0.623839457344,-0.614565475884,-0.225677494744,1.69936838549,-0.398427555745,-1.17365259375,0.176035171617
1.649525,0.624081951145,-0.61567861772,-0.225699598744,1.70060647385,-0.398488527745,-1.17363740671,0.175973773335
1.659510,0.62414179198,-0.616907452785,-0.225852544533,1.70220698675,-0.398452567854,-1.17357680311,0.17587362845
1.669495,0.623859835677,-0.618253074874,-0.22602696792,1.70400797803,-0.398376720808,-1.17347594416,0.175790499282
1.679480,0.62346365338,-0.619536454401,-0.226247796657,1.70550629192,-0.398398164101,-1.17343760979,0.175933506225
1.689465,0.623616391572,-0.620492549756,-0.226613801614,1.70702968694,-0.398572005021,-1.17356381332,0.176204023937
1.699451,0.624157487177,-0.621535490623,-0.226685245043,1.70844142451,-0.399193365866,-1.17370109918,0.176225119393
1.709436,0.624120636963,-0.623070658289,-0.226511458891,1.70965015477,-0.399339348518,-1.17377779259,0.176068388159
1.719421,0.623644824653,-0.624602351267,-0.226385575222,1.71116539485,-0.399166574158,-1.17385651276,0.175933192759
1.729406,0.623152794246,-0.625956380312,-0.226538769384,1.71306172679,-0.399324067688,-1.17407188464,0.176010403839
1.739391,0.622661552193,-0.627453242053,-0.226953262128,1.71496944586,-0.399700969745,-1.17417858624,0.176233435476
1.749376,0.622300171414,-0.629047883835,-0.227235091457,1.71664045933,-0.399947892619,-1.1740326654,0.176453651301
1.759361,0.622229865713,-0.630502434939,-0.227080020137,1.7181327265,-0.399997245548,-1.17375072396,0.176595365829
1.769346,0.622297332853,-0.631853096543,-0.226805576427,1.71964557942,-0.400118057284,-1.17353938858,0.176712153817
1.779331,0.622157965236,-0.633057542674,-0.227191697664,1.72128864052,-0.400441086368,-1.17347468438,0.176946413548
1.789317,0.62213199854,-0.634221929948,-0.227642328687,1.72289726324,-0.400814636194,-1.17345910166,0.177332463767
1.799302,0.622205175819,-0.635979467438,-0.227407322661,1.72423504744,-0.401063793113,-1.17343475433,0.177861160202
1.809287,0.622102330346,-0.637658850281,-0.227165840519,1.7258845359,-0.40126855479,-1.17333821465,0.178263879434
1.819272,0.621799007538,-0.639196037611,-0.227282669635,1.7276286332,-0.401251766957,-1.17324356695,0.178337120422
1.829257,0.621400151999,-0.640620795769,-0.227605365639,1.72929154098,-0.401251558738,-1.17326157012,0.178222221935
1.839242,0.621068971803,-0.641934703489,-0.227920555722,1.73090033845,-0.401393028069,-1.17333876009,0.178139560362
1.849227,0.620924453292,-0.64323223354,-0.228164970333,1.73252733448,-0.40155543542,-1.17335146795,0.178055164638
1.859212,0.620925283756,-0.644757030642,-0.228340465938,1.73416902006,-0.401654083626,-1.17326518976,0.177710938245
1.869198,0.62081214832,-0.646521156987,-0.228422558242,1.73600959286,-0.401801721879,-1.17295526888,0.177318365368
1.879183,0.620856555527,-0.64792058187,-0.228446920852,1.73784928225,-0.40199059953,-1.17272350415,0.177333911132
1.889168,0.62107277451,-0.649196728561,-0.228296869183,1.73952135162,-0.402202816161,-1.17291517173,0.177383120389
1.899153,0.620726644867,-0.650760924477,-0.228349546036,1.7410694227,-0.402317611084,-1.17293082496,0.177489568909
1.909138,0.620137889262,-0.652322848524,-0.228576161196,1.74264882784,-0.402566502346,-1.17274579398,0.177554239204
1.919123,0.61990918681,-0.653667695766,-0.228754603034,1.74424811834,-0.402740128081,-1.17258016341,0.177523358783
1.929108,0.620065576858,-0.654892525014,-0.22882981271,1.74571790285,-0.402705558106,-1.17257682747,0.177354656554
1.939093,0.620163433441,-0.656179024725,-0.228998442559,1.74708906187,-0.402688990701,-1.17267053817,0.177168276627
1.949078,0.620042440814,-0.657475258668,-0.229436030543,1.74867978942,-0.402957708091,-1.17275840318,0.177270753268
1.959064,0.619972388051,-0.658706366199,-0.229836342881,1.7502192427,-0.403195579158,-1.17315938434,0.177370767313
1.969049,0.620044087024,-0.659836935075,-0.229706555542,1.7515450914,-0.403200464389,-1.17319961549,0.177151998844
1.979034,0.619733786537,-0.660992674338,-0.229604165618,1.75298469244,-0.40333626827,-1.17322865183,0.176728826883
1.989019,0.619342137706,-0.661989691082,-0.229619645898,1.75449338193,-0.403505684237,-1.17335181929,0.176553043253
1.999004,0.619173657884,-0.662987683573,-0.229531534623,1.75598467895,-0.403518863591,-1.17343179334,0.176505989167
2.008989,0.619184580138,-0.664139603084,-0.22956339666,1.75737319233,-0.403563142353,-1.17344375526,0.176497580211
2.018974,0.619195944226,-0.665387115156,-0.22983992758,1.75850353902,-0.403772424845,-1.17346730761,0.176494203637
2.028959,0.619023652581,-0.666557491026,-0.230121983554,1.75945088305,-0.403944290224,-1.17356566186,0.176428139591
2.038945,0.618494710414,-0.667636937347,-0.230185909649,1.76074868144,-0.403820016989,-1.17368556354,0.176228147666
2.048930,0.617915997282,-0.668799320052,-0.230137851609,1.76212388537,-0.403829790388,-1.17362680379,0.176080055901
2.058915,0.617818838017,-0.66995162075,-0.23022262125,1.76324838703,-0.403843954868,-1.17352634667,0.175989305622
2.068900,0.617835620108,-0.670920265925,-0.230522998964,1.7643455285,-0.404064011527,-1.17349695551,0.175906360994
2.078885,0.617668828222,-0.671993855812,-0.230948320088,1.76549794948,-0.404387295321,-1.17332090374,0.175894264571
2.088870,0.617230719087,-0.672985499076,-0.231160745636,1.76678582625,-0.404504649619,-1.1731325044,0.17595537307
2.098855,0.616798560987,-0.67385724946,-0.231182389744,1.76812363483,-0.404525543648,-1.17304873365,0.176033253492
2.108840,0.616541606762,-0.674674275609,-0.231296306367,1.76944926574,-0.404688608321,-1.17303561538,0.176066614163
2.118825,0.616344087866,-0.675470699688,-0.231598775356,1.77081338261,-0.405020925873,-1.17303468617,0.176004326692
2.128811,0.616136601189,-0.676263279325,-0.231742215036,1.77222102238,-0.405407746955,-1.17315749465,0.17580615415
2.138796,0.61586014702,-0.676865601392,-0.231796897609,1.77352080625,-0.405979496033,-1.17340648929,0.175663493323
2.148781,0.615492367585,-0.677537933061,-0.23202444871,1.77477457933,-0.406276995693,-1.17383558555,0.175669645798
2.158766,0.61539868586,-0.678422901396,-0.232148782797,1.77621386928,-0.406421061882,-1.17424941134,0.1757265765
2.168751,0.615265736871,-0.679300453058,-0.232278930509,1.77798926292,-0.406593522672,-1.17480469549,0.175578261773
2.178736,0.614979699412,-0.680011636674,-0.23247538678,1.7798348848,-0.406724698405,-1.17544353857,0.175234552576
2.188721,0.614562138374,-0.680552903545,-0.232685448428,1.78153654962,-0.406736566401,-1.17597123833,0.174996484467
2.198706,0.614062003482,-0.681089316216,-0.232887742897,1.78322298004,-0.406736525369,-1.17647795351,0.175001089054
2.208692,0.613459735843,-0.681774449351,-0.23309804672,1.78510534564,-0.406868685354,-1.17727121392,0.175028197757
2.218677,0.612698152544,-0.682477429896,-0.233209901745,1.78688497808,-0.406943629302,-1.1782258714,0.174892074157
2.228662,0.612346582948,-0.683096751488,-0.233560313356,1.78847644405,-0.406994259037,-1.17936367561,0.174739295167
2.238647,0.612420194354,-0.683645397732,-0.233621298791,1.79036567611,-0.407380244834,-1.1808391504,0.17445252776
2.248632,0.612207677102,-0.684108723472,-0.233627380254,1.79244921985,-0.407717045818,-1.18234417649,0.174367949343
2.258617,0.611830397598,-0.684586328084,-0.233850183081,1.79462730559,-0.407797633015,-1.18396007753,0.174196249716
2.268602,0.6114373771,-0.685114083775,-0.234097945331,1.79694017504,-0.407821815867,-1.18571971076,0.173969678748
2.278587,0.61108689914,-0.685743582293,-0.234311223885,1.79935280974,-0.407892891101,-1.18784683934,0.173849661636
2.288572,0.610806785823,-0.686335090793,-0.234666979923,1.80176455277,-0.407985461585,-1.19043960622,0.173817094448
2.298558,0.610648970834,-0.686641692458,-0.235257223961,1.80411019758,-0.40805186895,-1.1931745452,0.173666353209
2.308543,0.610567971717,-0.68693605168,-0.235757600789,1.80640320365,-0.407974016628,-1.19559649736,0.173412753196
2.318528,0.609736857486,-0.687806705156,-0.236260953052,1.80889317334,-0.40803737135,-1.19804918705,0.173268125616
2.328513,0.608854730375,-0.688460305963,-0.236728506525,1.81149365599,-0.408409125522,-1.20098452942,0.173261818442
2.338498,0.608375204257,-0.688802049316,-0.237510827837,1.81404545798,-0.408738095962,-1.20426108133,0.173237475296
2.348483,0.608118054641,-0.689165619194,-0.238241268871,1.81664781288,-0.408894907887,-1.20745757296,0.172970626942
2.358468,0.60787497381,-0.689547013877,-0.238743031404,1.8193180647,-0.408887032191,-1.21056215609,0.172632144786
2.368453,0.607517999964,-0.689962622385,-0.239254727284,1.82189136976,-0.408898034299,-1.21372335231,0.17246821037
2.378438,0.607127568416,-0.690462929848,-0.239948051362,1.8243263904,-0.409010392314,-1.21694311972,0.172444344469
2.388424,0.606879175594,-0.690966659235,-0.240602023697,1.82688638453,-0.409054880105,-1.22008462119,0.172264336656
2.398409,0.60653810045,-0.691323932363,-0.241172006539,1.82972469291,-0.40899957672,-1.22328825999,0.171898738798
2.408394,0.605900443584,-0.691708986084,-0.241718902668,1.83278162794,-0.40913582296,-1.226640509,0.171370954128
2.418379,0.605125498117,-0.692080618075,-0.242541668115,1.83561322749,-0.409477784307,-1.23021479876,0.170968719079
2.428364,0.604518494419,-0.692468994956,-0.243231716353,1.83805609331,-0.409748089235,-1.23362025674,0.17076098687
2.438349,0.60415670081,-0.693035286011,-0.243637198883,1.84050426241,-0.409889335967,-1.23664368994,0.170591975298
2.448334,0.603891916967,-0.693655576319,-0.243940345163,1.84327791862,-0.410038131363,-1.23954943958,0.1704177919
2.458319,0.603587039413,-0.694113222574,-0.244443209966,1.84623643049,-0.410219517293,-1.24261794559,0.17024769004
2.468305,0.603306522943,-0.694392278007,-0.245202516715,1.8490105196,-0.410336938439,-1.24587679974,0.170056044678
2.478290,0.603156444511,-0.69474480971,-0.245891804087,1.8514350848,-0.41038861074,-1.24913792681,0.169826119443
2.488275,0.602656833719,-0.69531384173,-0.246255989402,1.85354174513,-0.410599121304,-1.2521828511,0.169764097689
2.498260,0.601974031074,-0.695930390851,-0.246653187408,1.85588654323,-0.411040994321,-1.25517403566,0.169648162132
2.508245,0.601626007837,-0.696477473241,-0.247345576371,1.85857046368,-0.411199668255,-1.25805490485,0.169321155607
2.518230,0.601179994054,-0.696951395111,-0.247754471009,1.8612609939,-0.411251698691,-1.26079519696,0.168992790148
2.528215,0.600688927675,-0.697539016798,-0.247997683016,1.86390007419,-0.41138861501,-1.2635602394,0.168771254533
2.538200,0.600217657312,-0.698266725944,-0.248248747219,1.86646776739,-0.411659550133,-1.2662037628,0.168550677391
2.548185,0.599768157297,-0.699024735732,-0.248464956134,1.86895815419,-0.411938338303,-1.26857478215,0.16822399501
2.558171,0.599227942993,-0.699733378342,-0.248673587681,1.87144869452,-0.412151642295,-1.27078025546,0.167883578413
2.568156,0.598446248685,-0.700457309058,-0.24921091126,1.87409809061,-0.412532165134,-1.27309067947,0.167761679427
2.578141,0.597701413887,-0.701274408626,-0.249894777421,1.87686774486,-0.41345781207,-1.27545603886,0.167740829417
2.588126,0.597461878355,-0.702167910357,-0.250395756086,1.8793823896,-0.414566375816,-1.27790177289,0.167382012072
2.598111,0.597070572401,-0.703297743528,-0.250454149475,1.88170817092,-0.415778692825,-1.28010199196,0.166902127428
2.608096,0.596304177385,-0.704440076524,-0.250360412182,1.88415074516,-0.41691452221,-1.28187625161,0.166622486833
2.618081,0.595328728649,-0.705527654287,-0.250558383135,1.88667253812,-0.418000957557,-1.28333531372,0.166615365947
2.628066,0.594488637762,-0.70663003074,-0.250821127672,1.88916757691,-0.419244896866,-1.28468465342,0.166800901516
2.638052,0.593841242676,-0.707733550219,-0.250856604645,1.89160951364,-0.420778461799,-1.28616521981,0.166945731629
2.648037,0.593145099933,-0.708781546458,-0.250778247371,1.89397455549,-0.422508074215,-1.28779730428,0.16681110266
2.658022,0.592250514993,-0.709903067819,-0.250879541033,1.89614026758,-0.424229976653,-1.28919805862,0.166408572767
2.668007,0.591193268639,-0.711303039531,-0.25088942782,1.89825485931,-0.426047381101,-1.29025953921,0.166094363587
2.677992,0.589892386782,-0.712884335228,-0.250853193278,1.90074369817,-0.428053203749,-1.29124822234,0.166115648965
2.687977,0.588515503655,-0.714394075652,-0.251245606295,1.9032713837,-0.430214393778,-1.29216401891,0.166043613203
2.697962,0.587207534619,-0.716159375343,-0.25160250686,1.90567146093,-0.432639624094,-1.29298997134,0.165968744458
2.707947,0.58587896555,-0.718087022571,-0.251625927348,1.90787620465,-0.435151322478,-1.29369067207,0.165892654031
2.717932,0.584694043592,-0.719937559285,-0.25160709504,1.91007825318,-0.437823854005,-1.29423732124,0.165731151449
2.727918,0.583774214083,-0.721672302806,-0.251785645316,1.91245610818,-0.4407485896,-1.29466884327,0.165554302385
2.737903,0.582938108251,-0.723462744437,-0.252003379763,1.91485242291,-0.443655519106,-1.29504440077,0.165516504844
2.747888,0.581906170783,-0.725383667403,-0.252061415854,1.9168195623,-0.446008052344,-1.2953613445,0.165528644118
2.757873,0.580982349173,-0.727379172029,-0.251989089437,1.91861056167,-0.448359687589,-1.29584561022,0.165548171747
2.767858,0.580015769887,-0.729370491199,-0.251732444703,1.92076558346,-0.450900750598,-1.29620470614,0.165653137773
2.777843,0.578846359139,-0.731437293349,-0.251596595804,1.92334661799,-0.453253448043,-1.29628711371,0.165758032703
2.787828,0.577580893835,-0.733515192514,-0.251696685491,1.92621133847,-0.455565020608,-1.2962724448,0.165935965489
2.797813,0.576303207244,-0.73558529803,-0.252029240834,1.92877863893,-0.457998305781,-1.29629348575,0.166237627888
2.807799,0.575077845777,-0.737657304282,-0.252249830984,1.930798022,-0.460575003405,-1.2964278164,0.166634296347
2.817784,0.57402256194,-0.739699034545,-0.252189962581,1.9325548757,-0.463283516019,-1.29663845453,0.166973645428
2.827769,0.573234306486,-0.741675667315,-0.252119893633,1.93451563447,-0.466051954973,-1.29675796407,0.167071095246
2.837754,0.572529138818,-0.743673696776,-0.252291441888,1.93676559447,-0.468590204297,-1.2965946857,0.16694074295
2.847739,0.571227658403,-0.745652017324,-0.252387524483,1.93923045331,-0.471091435696,-1.29622300923,0.166967662713
2.857724,0.569452494627,-0.747734756011,-0.25247602988,1.94178234388,-0.473744884138,-1.29610177186,0.167165462326
2.867709,0.568144018009,-0.749868504156,-0.252648732772,1.94424743008,-0.476522499729,-1.29612463486,0.167337623976
2.877694,0.56717180421,-0.752006975332,-0.252754902712,1.94669264853,-0.479194928836,-1.29611034833,0.167470045705
2.887679,0.566333955088,-0.753990093544,-0.252844265223,1.94893999629,-0.481514421977,-1.29612870433,0.167482071259
2.897665,0.565497652842,-0.755758504601,-0.252902479655,1.9509806152,-0.483592995497,-1.29621795193,0.167580137247
2.907650,0.564701007982,-0.757452445913,-0.252963366116,1.95304942993,-0.485636908327,-1.29632025173,0.167887273353
2.917635,0.5640048323,-0.759247588796,-0.253138627588,1.95531529386,-0.487669169095,-1.29637430149,0.168141205845
2.927620,0.56315324873,-0.761004502165,-0.253311536161,1.95746892587,-0.489682658339,-1.29641291934,0.168057034294
2.937605,0.562338454661,-0.762426695143,-0.253372785489,1.95928207557,-0.491581819374,-1.29647616395,0.167829693671
2.947590,0.561608508423,-0.763914356217,-0.253695106769,1.96123680205,-0.493242090255,-1.29629832828,0.167741239306
2.957575,0.56078433176,-0.765674920835,-0.253860652096,1.96350315298,-0.495017933698,-1.29623041636,0.16766772259
2.967560,0.560093120321,-0.767344222835,-0.253894069661,1.96570482211,-0.49682526804,-1.2964928137,0.167427748205
2.977546,0.559494223451,-0.768761997805,-0.254034320687,1.96778836635,-0.498318303436,-1.29687880441,0.167122108447
2.987531,0.558841811483,-0.770042894995,-0.254212507077,1.96997723051,-0.499454849946,-1.2971601252,0.166928661536
2.997516,0.558147661619,-0.771360055359,-0.254265109651,1.97235607196,-0.500473058092,-1.29734433938,0.166948185806
3.007501,0.557581096548,-0.772785539002,-0.254260229696,1.97468462712,-0.501516534824,-1.29768028158,0.167124938718
3.017486,0.557080104483,-0.774396865222,-0.254262837347,1.97682758119,-0.502381662482,-1.29844264279,0.167222262612
3.027471,0.556490373359,-0.775912748964,-0.254256183256,1.97887790325,-0.502866436011,-1.29935806704,0.167168749118
3.037456,0.555848391311,-0.776955389527,-0.25432538384,1.98126000911,-0.503174728292,-1.30028817163,0.167182671759
3.047441,0.555252176664,-0.777774557725,-0.2542673615,1.98390719602,-0.50354661998,-1.30141809384,0.167216142481
3.057426,0.554782271408,-0.778669596157,-0.254126733037,1.9865769137,-0.503833085572,-1.30276406103,0.167233156921
3.067412,0.554229176466,-0.77983565998,-0.25410475726,1.98908171459,-0.504145682246,-1.30414607798,0.16719793653
3.077397,0.55350035936,-0.781144905522,-0.25433214224,1.99146549068,-0.504574285211,-1.3054223931,0.166960681687
3.087382,0.552754820069,-0.782262469347,-0.254738530339,1.99386989554,-0.505039036626,-1.30667025839,0.166537218045
3.097367,0.552186961534,-0.783048960772,-0.255062143571,1.99635584322,-0.505471920312,-1.30811339578,0.166289598295
3.107352,0.551679126001,-0.783961576983,-0.254996271319,1.99902085656,-0.506182736465,-1.30972613708,0.166380945394
3.117337,0.550956258586,-0.784976576457,-0.25490870556,2.00183536325,-0.506756385241,-1.31126183732,0.166260866868
3.127322,0.550376847836,-0.785602382536,-0.25534374577,2.00442146782,-0.507076350878,-1.31293695593,0.166113871526
3.137307,0.550196575329,-0.786189806588,-0.255777466308,2.00678197868,-0.507378756585,-1.31476366865,0.166162475896
3.147293,0.55006898452,-0.786942567403,-0.255917862835,2.0091957069,-0.507628383538,-1.31667732406,0.166111353853
3.157278,0.549645002219,-0.787837011874,-0.255908382757,2.01167877686,-0.507884678477,-1.31858896306,0.165885153445
3.167263,0.548846006443,-0.788836512374,-0.255932882292,2.01413026634,-0.508145368845,-1.32046198737,0.165634936279
3.177248,0.547827040137,-0.789945033884,-0.25603027005,2.01654323953,-0.508319093312,-1.32235760008,0.165435151225
3.187233,0.546797274011,-0.791083842343,-0.256161475489,2.01903116098,-0.508392886562,-1.32432289707,0.165098473108
3.197218,0.545972794916,-0.792001855324,-0.25622339361,2.02157876045,-0.508606988519,-1.32602542014,0.164563787968
3.207203,0.545488715807,-0.792763131279,-0.25597998962,2.02413631314,-0.509000597359,-1.32754482353,0.164376168545
3.217188,0.545079918312,-0.793587190569,-0.255844418241,2.02644096382,-0.50944972757,-1.32928992645,0.16425826485
3.227173,0.544654521292,-0.794492063011,-0.255942742868,2.02886675807,-0.509864060775,-1.33107241012,0.163866195886
3.237159,0.543939440038,-0.795417976821,-0.256052262553,2.03178071624,-0.510199371218,-1.33284661072,0.163601409011
3.247144,0.542917000776,-0.796379299156,-0.256199277293,2.03494649005,-0.510576705738,-1.33462302719,0.163547976487
3.257129,0.541968179084,-0.797353220411,-0.256361485076,2.03797556031,-0.510985748784,-1.33637293013,0.163541172476
3.267114,0.541357793135,-0.798285421783,-0.256354719704,2.04063963818,-0.511358592419,-1.33808484414,0.163396179259
3.277099,0.540695404783,-0.799219193854,-0.25612488886,2.04285669415,-0.511914703833,-1.33983812043,0.163031791134
3.287084,0.539780561417,-0.800294142239,-0.256097904776,2.04483781688,-0.513037347097,-1.3415287688,0.162629537582
3.297069,0.539136556978,-0.801143212404,-0.256338978415,2.04721833404,-0.51404241705,-1.34296390717,0.162642067281
3.307054,0.538624458965,-0.80183288871,-0.256571032859,2.04969841521,-0.514666767679,-1.34431993727,0.16247773288
3.317040,0.538126442677,-0.802677966466,-0.25674707693,2.05205259576,-0.515417556112,-1.34566335587,0.162199776288
3.327025,0.537333233573,-0.803649779546,-0.256845084866,2.05436716791,-0.516444361562,-1.34699330651,0.162143132003
3.337010,0.536207104319,-0.804653878621,-0.256909442261,2.05670841121,-0.517678490561,-1.34819842689,0.162176647007
3.346995,0.535191864612,-0.805686566496,-0.256979273276,2.05901385126,-0.518971180293,-1.3491327709,0.162020010049
3.356980,0.534736163288,-0.806798531526,-0.257085878266,2.06123247875,-0.520207144614,-1.3498028336,0.161697618762
3.366965,0.534471440554,-0.80795990868,-0.257288754213,2.06353679571,-0.521397818465,-1.35049822185,0.161552891076
3.376950,0.53328987511,-0.809134697754,-0.257453881549,2.06616862561,-0.522816871203,-1.35148770519,0.161519304166
3.386935,0.53184167714,-0.810157619642,-0.257357115106,2.06804668891,-0.524538695894,-1.3526322492,0.161320671319
3.396920,0.530860766799,-0.811294683541,-0.257387800787,2.06967005444,-0.526223613001,-1.35352367167,0.161309562885
3.406906,0.529956266902,-0.812632167314,-0.257581436369,2.07155068572,-0.527595811986,-1.35409338715,0.161466923386
3.416891,0.529044924845,-0.813861884942,-0.25790839041,2.07346945256,-0.528836834474,-1.35447440759,0.161533677102
3.426876,0.528062303152,-0.814840181869,-0.258297496786,2.07536112862,-0.530160537372,-1.35471435637,0.161455016236
3.436861,0.52696685515,-0.815757982838,-0.25855584547,2.07732729105,-0.531657296644,-1.3549103606,0.161346750756
3.446846,0.525819301179,-0.816918880265,-0.258510632277,2.07950939911,-0.533278849494,-1.35520671134,0.161260281142
3.456831,0.524746939257,-0.818373282198,-0.258337535185,2.0820758822,-0.534855308085,-1.35552622689,0.161055531806
3.466816,0.523691794399,-0.820094316629,-0.258368856435,2.08442546489,-0.536108596019,-1.35574447915,0.160766648202
3.476801,0.522843218696,-0.821564527984,-0.258439179806,2.08580812407,-0.537576727765,-1.35605943645,0.160768000224
3.486787,0.522170342776,-0.822504850157,-0.258352743638,2.08722568788,-0.539265732504,-1.3564392106,0.160887070144
3.496772,0.521415942495,-0.823396376448,-0.258241565096,2.08913655988,-0.540799788455,-1.35689274178,0.160849582721
3.506757,0.520597435269,-0.824547263499,-0.258184656021,2.09112856392,-0.542171451133,-1.35732457318,0.160772478584
3.516742,0.519745310605,-0.826018142141,-0.258301427085,2.09276738273,-0.543699585396,-1.35764491175,0.160800579873
3.526727,0.51882429497,-0.827600708843,-0.258623011543,2.09407515078,-0.545458026799,-1.35781979489,0.160904737934
3.536712,0.517791041064,-0.828961716104,-0.258975341754,2.09544831043,-0.547088768658,-1.35788379616,0.160960790912
3.546697,0.516663645707,-0.829989028983,-0.259082533322,2.09715399164,-0.548416996052,-1.35793678561,0.161004829799
3.556682,0.515437485029,-0.83112522641,-0.258921703112,2.09905503188,-0.549891593542,-1.35807130715,0.161112578148
3.566667,0.514703642798,-0.83251954268,-0.258705834641,2.10087418313,-0.551411752815,-1.35813889773,0.160962874367
3.576653,0.514150824544,-0.83382145426,-0.258825376291,2.1027316071,-0.553096522444,-1.35812475986,0.160618957624
3.586638,0.513324759034,-0.835056890593,-0.259049815289,2.10452227048,-0.555105688739,-1.35808985694,0.160511983591
3.596623,0.512381109647,-0.836293359478,-0.259144277896,2.10615016839,-0.557110743176,-1.3580131059,0.160645286861
3.606608,0.511437131663,-0.837410483471,-0.259151170926,2.10766495808,-0.55892666913,-1.357869644,0.160791045833
3.616593,0.51037635534,-0.838384907283,-0.259235630856,2.10915406575,-0.560717995358,-1.35772048674,0.160765107751
3.626578,0.509144424567,-0.839487411414,-0.259379862792,2.11070935087,-0.562632430618,-1.35766836284,0.160561982408
3.636563,0.508161662201,-0.840882906793,-0.259288801302,2.11261030641,-0.564204197714,-1.35764790319,0.160294246123
3.646548,0.507759592674,-0.842149006162,-0.258913910518,2.11447274761,-0.56527704262,-1.35746748909,0.160299093641
3.656534,0.507452055997,-0.843235709439,-0.258829495284,2.11567497919,-0.56618651447,-1.35747155079,0.160441310557
3.666519,0.506856644493,-0.844360554022,-0.25903899342,2.11678761223,-0.567233641353,-1.35766438899,0.160382947789
3.676504,0.505932470132,-0.845557661932,-0.259248441259,2.11811541859,-0.56841870842,-1.35778827216,0.160206430521
3.686489,0.504947113126,-0.846721093599,-0.259311310048,2.11963490792,-0.569485022336,-1.35780507969,0.159999569206
3.696474,0.504034484956,-0.847810080594,-0.259401394437,2.12127070064,-0.570413984472,-1.35778272385,0.159797253798
3.706459,0.503063402335,-0.848940332549,-0.259697452109,2.12302950455,-0.571401806705,-1.35780817806,0.159639739416
3.716444,0.501892707811,-0.850252806283,-0.260027029506,2.12490632805,-0.572498046968,-1.35795983191,0.159598122416
3.726429,0.50080588682,-0.851602281567,-0.260024265485,2.12667769701,-0.573410299648,-1.35824923363,0.159653853629
3.736414,0.500136991,-0.852916773963,-0.259798380101,2.12844455145,-0.574193591062,-1.35836708041,0.159646033966
3.746400,0.499383744317,-0.85431089108,-0.259666163126,2.13024744327,-0.575139445677,-1.35841127552,0.159801415545
3.756385,0.498391264439,-0.855598669654,-0.259589595291,2.13207102579,-0.576212105004,-1.35879108984,0.160099912341
3.766370,0.49738265466,-0.856685892343,-0.259505422358,2.13411627867,-0.577255876717,-1.3594890201,0.16025345307
3.776355,0.496448758926,-0.857663841287,-0.259392804353,2.1360431841,-0.578188181863,-1.36039953783,0.160228725404
3.786340,0.495573978431,-0.858637193137,-0.259411450369,2.13768412874,-0.579142093638,-1.3613765965,0.160116196287
3.796325,0.494808928756,-0.859621951744,-0.259674414979,2.13929901113,-0.580191483788,-1.36233287192,0.160014289814
3.806310,0.494318709003,-0.860596340062,-0.25995985441,2.14118258344,-0.581110629263,-1.36333672578,0.15999660392
3.816295,0.494071034613,-0.861658409393,-0.259934394921,2.14313944405,-0.581866012661,-1.36453457083,0.160039750821
3.826281,0.493159153183,-0.862742351503,-0.259889946321,2.14525646695,-0.582817722202,-1.36577690159,0.160082139486
3.836266,0.491707759433,-0.863855585806,-0.260027780478,2.14756797198,-0.5835243569,-1.36692268811,0.159887831076
3.846251,0.49051731544,-0.864952950168,-0.260145195672,2.14962444311,-0.584065594688,-1.36783546283,0.159579020505
3.856236,0.489567122672,-0.865920642614,-0.260051174898,2.15146439318,-0.584746513733,-1.36872036126,0.159429449027
3.866221,0.488714994187,-0.866851299244,-0.259983885338,2.15325256802,-0.58561506468,-1.36973016032,0.159326267372
3.876206,0.487874881517,-0.867846467605,-0.260142961777,2.15501933603,-0.586626747884,-1.3709353364,0.159138934622
3.886191,0.486972541751,-0.868866591866,-0.260405845838,2.15681342349,-0.587724889663,-1.3722915185,0.158934405189
3.896176,0.485915992976,-0.869803185474,-0.260489476078,2.1588874549,-0.588771425549,-1.37358587573,0.15880349183
3.906161,0.484853114582,-0.870749087133,-0.260336713472,2.16107625765,-0.58964405462,-1.37453678802,0.158551834724
3.916147,0.48373400674,-0.872020553007,-0.260078297642,2.16327884248,-0.590361381572,-1.37578813129,0.15831401563
3.926132,0.482596953911,-0.873230621177,-0.260133382557,2.16530950028,-0.590875882486,-1.37716808441,0.158266032495
3.936117,0.481618325832,-0.874188686833,-0.260324001633,2.16708424902,-0.591400528415,-1.37808241811,0.158280256083
3.946102,0.480776183784,-0.875032025602,-0.260527730987,2.16892002024,-0.592022748697,-1.37875780806,0.158242596952
3.956087,0.479870518214,-0.875803236436,-0.260699173975,2.1708459485,-0.592584070073,-1.37965806752,0.157998456
3.966072,0.478783699494,-0.876553492416,-0.26080391286,2.17283740792,-0.593137858333,-1.38083435817,0.157611477694
3.976057,0.477645335625,-0.87742491257,-0.260836750905,2.17490921416,-0.593943126642,-1.38187264619,0.157343016934
3.986042,0.476744871462,-0.87853923609,-0.260880056871,2.17688774068,-0.59497345855,-1.38246021466,0.157290067237
3.996028,0.476192754424,-0.879851597458,-0.260925770121,2.17851625499,-0.595934725782,-1.38294735866,0.157120437304
4.006013,0.475523788423,-0.880959332501,-0.261148729065,2.18053275871,-0.596669814523,-1.38343942278,0.15671268493
4.015998,0.474548858078,-0.881986121646,-0.261389619782,2.18281601746,-0.597233423252,-1.38392383148,0.156427433342
4.025983,0.473388450035,-0.883096345839,-0.261299880109,2.1850146187,-0.597815684247,-1.38436794995,0.15649552716
4.035968,0.472199570087,-0.884071979955,-0.261107215627,2.18692685595,-0.598520116742,-1.38473083142,0.156645843297
4.045953,0.471025385364,-0.884850762558,-0.261097542482,2.18861501047,-0.599373262013,-1.38505324846,0.156653731791
4.055938,0.469801751606,-0.885621395796,-0.261142135993,2.19030855401,-0.600374459351,-1.38539932144,0.156585547562
4.065923,0.468538171184,-0.886555940857,-0.260955579383,2.19226897104,-0.601506130558,-1.38578930645,0.156609622828
4.075908,0.467479879351,-0.887521089646,-0.260822826307,2.19463020003,-0.602684831096,-1.38617883334,0.156615214509
4.085894,0.466663848901,-0.888578338894,-0.260977840197,2.19689512465,-0.603703635435,-1.38638194047,0.156480226922
4.095879,0.465889494489,-0.890212555842,-0.261272841213,2.19870177477,-0.604500138901,-1.38648929517,0.156320506388
4.105864,0.464977093194,-0.891748208313,-0.26137729798,2.20026327718,-0.605568571611,-1.38670361037,0.156069856327
4.115849,0.463962602555,-0.892744641696,-0.261254144867,2.20161071375,-0.606958151898,-1.38680208945,0.155969649885
4.125834,0.462946667203,-0.893626698443,-0.261036349509,2.20323666895,-0.608440365147,-1.38681761835,0.156032916163
4.135819,0.461911330613,-0.894897836899,-0.260935448223,2.20518060373,-0.609999251557,-1.38692425127,0.156016813732
4.145804,0.460733811089,-0.896508772188,-0.261063826076,2.20703550692,-0.61165168939,-1.38709051238,0.15584908301
4.155789,0.459369257512,-0.897926167119,-0.261293702224,2.20854641165,-0.613211696732,-1.38707187895,0.155739147259
4.165775,0.458025590483,-0.898914609179,-0.261305032934,2.21010845429,-0.614480063456,-1.38686256423,0.155717400105
4.175760,0.456765140783,-0.90007988302,-0.261133202303,2.2117813111,-0.615954673423,-1.38661123382,0.155700586394
4.185745,0.455488304409,-0.901470257085,-0.261257035489,2.21356563125,-0.617960063639,-1.38631287113,0.155737684558
4.195730,0.454285740973,-0.90280753072,-0.261422187244,2.21546791358,-0.620143593677,-1.38609651437,0.155814891461
4.205715,0.452882329021,-0.904120283818,-0.261347434681,2.21728625955,-0.622151342204,-1.38591188959,0.155878584653
4.215700,0.451369578359,-0.905499947079,-0.261199484469,2.21891919581,-0.62378131449,-1.38579710162,0.155974248959
4.225685,0.450026542858,-0.906965742086,-0.261242377781,2.22042519148,-0.625253371654,-1.38582749081,0.156060197765
4.235670,0.448908425353,-0.908411412802,-0.261490153049,2.22200683231,-0.626869356463,-1.38600319673,0.15602132987
4.245655,0.447722267572,-0.909715310497,-0.261693879022,2.22383768906,-0.628604303325,-1.38625966884,0.155826683924
4.255641,0.446271925286,-0.910971407556,-0.261731206579,2.22575438444,-0.630183469443,-1.38664463902,0.155656774575
4.265626,0.445044032833,-0.912299993365,-0.261736828328,2.22726349159,-0.631852243139,-1.38712837257,0.155592607918
4.275611,0.444015959086,-0.913799190136,-0.261666538054,2.22887145256,-0.633613598636,-1.38737273032,0.155777973612
4.285596,0.442644708327,-0.915222564754,-0.261555516736,2.23060707711,-0.635226194766,-1.38725075124,0.155974971609
4.295581,0.441036971005,-0.916697810919,-0.26167637702,2.23226938104,-0.636823910951,-1.38713745193,0.156030931661
4.305566,0.439604525522,-0.918247494761,-0.261882522778,2.23384535552,-0.63857145437,-1.38734400822,0.15600767809
4.315551,0.438449622368,-0.919705907601,-0.261904846567,2.23544479006,-0.640531481791,-1.38773539994,0.155961652298
4.325536,0.437277644092,-0.920941527631,-0.261713815006,2.23713725823,-0.642624517152,-1.38808783517,0.155896271011
4.335522,0.435792726566,-0.922065010208,-0.261586644576,2.23889230901,-0.644673011147,-1.38847617863,0.155849126725
4.345507,0.434202124836,-0.923295749925,-0.261729967156,2.2407189951,-0.646533384278,-1.38894271823,0.155935942775
4.355492,0.432718623132,-0.924558438387,-0.262026636039,2.24249785746,-0.648580637558,-1.38952545839,0.155982360245
4.365477,0.431504642436,-0.925821684662,-0.262112096718,2.24417875046,-0.65059999429,-1.39052478263,0.155989369427
4.375462,0.430190036196,-0.926926658266,-0.261920662607,2.24590008507,-0.65251301584,-1.39149834552,0.155825775386
4.385447,0.428785987577,-0.928011143378,-0.261606521856,2.24770175277,-0.654370624824,-1.39216059576,0.155623366657
4.395432,0.427346090741,-0.929167015721,-0.261494276449,2.24954338268,-0.656184159608,-1.39272833704,0.155618239917
4.405417,0.425898570035,-0.930299903049,-0.261752142698,2.25138279052,-0.658040190185,-1.39340775758,0.155771996371
4.415402,0.424575854808,-0.93126303593,-0.262165904102,2.25319916447,-0.66003860949,-1.39415898566,0.155900113454
4.425388,0.42352084341,-0.932110000787,-0.262268102718,2.25496700479,-0.662140763014,-1.39486595017,0.155953909419
4.435373,0.422192602962,-0.933184476376,-0.26194820513,2.25664350358,-0.664176612211,-1.39564861913,0.155812656998
4.445358,0.420564814302,-0.934513010856,-0.261856083889,2.25838444253,-0.665932644488,-1.3965981956,0.155535363489
4.455343,0.418818060074,-0.935560044952,-0.261844638057,2.26030852996,-0.667728334418,-1.39740208482,0.155421915353
4.465328,0.417095347098,-0.936731969226,-0.261597746421,2.26228830343,-0.66959358644,-1.39809779387,0.155434618815
4.475313,0.415645266621,-0.937875562446,-0.261497165685,2.26406340037,-0.671207842663,-1.39876077828,0.155372655027
4.485298,0.414389588252,-0.938701325435,-0.261542016807,2.26572882537,-0.672647267743,-1.39942954239,0.155350183403
4.495283,0.413057206894,-0.939433210706,-0.261646297971,2.267513043,-0.674226345861,-1.40012129236,0.155475257478
4.505269,0.411449096963,-0.940553278656,-0.261828328773,2.26945067283,-0.676152741394,-1.40078598342,0.155653206379
4.515254,0.409628673483,-0.941999221116,-0.262070614141,2.2713341111,-0.678305741366,-1.4013013369,0.155725781976
4.525239,0.407920686868,-0.943052608992,-0.262226814633,2.27320788508,-0.680296305758,-1.40173242903,0.15578264176
4.535224,0.406632145806,-0.943559028995,-0.262274651679,2.27486141067,-0.68207937293,-1.40233964351,0.155633102588
4.545209,0.405411722582,-0.944413887904,-0.262145256718,2.27647527221,-0.683724206284,-1.4028123466,0.15534714161
4.555194,0.404005670236,-0.945583088181,-0.262140234285,2.27835572286,-0.68552677865,-1.40326120279,0.155320733087
4.565179,0.402569890063,-0.946640993694,-0.262021179758,2.28041109086,-0.687426808995,-1.40383778743,0.155246947555
4.575164,0.401134289494,-0.947519275274,-0.261808812316,2.2824838933,-0.689110255844,-1.40447953872,0.154993816184
4.585149,0.399637033164,-0.948410699593,-0.261846906871,2.28445237852,-0.690660894497,-1.40507698388,0.154806921496
4.595135,0.398112432464,-0.949422197454,-0.262297917732,2.28623006778,-0.6925301578,-1.40562216345,0.154935981172
4.605120,0.396686282822,-0.950390431433,-0.262674289912,2.28775508683,-0.694769179758,-1.4061590306,0.155172028866
4.615105,0.39501372643,-0.9511945845,-0.262503016275,2.289063482,-0.696477921614,-1.40655190377,0.155224569493
4.625090,0.393492931775,-0.951962684973,-0.262023017789,2.29073684335,-0.697907573959,-1.40691965583,0.155104343208
4.635075,0.392285229988,-0.952835827081,-0.261953082475,2.29250712238,-0.699855666236,-1.40724824381,0.155058431227
4.645060,0.390812129292,-0.953765683185,-0.262168773759,2.29444200328,-0.702107947364,-1.40777604114,0.155012212811
4.655045,0.388988079316,-0.954592748748,-0.262304296877,2.29635774687,-0.704280681381,-1.40855511871,0.154908160605
4.665030,0.387115520342,-0.955423133843,-0.262232131738,2.29810790583,-0.706242041664,-1.40933518324,0.154826668355
4.675016,0.385430619033,-0.95635880838,-0.262147579172,2.29977877312,-0.708129483295,-1.4101203837,0.15476109435
4.685001,0.383838773394,-0.9573013422,-0.262310518613,2.30148916561,-0.710076170629,-1.41113234619,0.15453217592
4.694986,0.382118337807,-0.958108419204,-0.262687312445,2.30303223259,-0.711944381042,-1.41217752145,0.153981923853
4.704971,0.380625866351,-0.958805525183,-0.26301552165,2.30441116499,-0.713675212726,-1.41323491602,0.153127585042
4.714956,0.379227791107,-0.959550363518,-0.263165829421,2.30621606793,-0.715534998465,-1.41443490255,0.152412116369
4.724941,0.37751759049,-0.960334664508,-0.262888795231,2.30798925515,-0.71735575173,-1.41566817191,0.151983145868
4.734926,0.375927757823,-0.960993548368,-0.262590964254,2.30959356828,-0.719376970993,-1.41699584837,0.151600485111
4.744911,0.374436050621,-0.961549234068,-0.262600238637,2.31115232722,-0.721443091246,-1.4183537753,0.151225895381
4.754896,0.372825634367,-0.962236897175,-0.262780185874,2.31267255283,-0.723323474443,-1.41968309877,0.151012894511
4.764882,0.371037959621,-0.963100841278,-0.262778006652,2.31421400387,-0.724995010013,-1.42093464276,0.150951798261
4.774867,0.369230983398,-0.963861720869,-0.262491256423,2.31591919502,-0.726678850431,-1.42211054679,0.150793132511
4.784852,0.367489752107,-0.964346675235,-0.262285810744,2.31766265756,-0.728595764575,-1.42337903001,0.150445120951
4.794837,0.365746082133,-0.964945679391,-0.262349173804,2.31916468047,-0.730628805475,-1.42497117997,0.150144471735
4.804822,0.363965223274,-0.965525315087,-0.262422317154,2.32077089139,-0.732929159915,-1.42629409967,0.149948261578
4.814807,0.362373466024,-0.966180467208,-0.26238100428,2.32245534841,-0.735106646328,-1.42721258914,0.149761497765
4.824792,0.360826437892,-0.967044151018,-0.262419554983,2.32395016386,-0.737098190878,-1.42831243006,0.149439967752
4.834777,0.359218623971,-0.967639186288,-0.262639908918,2.32523107885,-0.739068439008,-1.42955409215,0.148743735368
4.844763,0.357526452286,-0.967960450747,-0.262866077376,2.32662887119,-0.741045721585,-1.43068269054,0.147587668921
4.854748,0.355881051198,-0.968335746768,-0.262903449039,2.32826190936,-0.74301793748,-1.43160773043,0.146269701445
4.864733,0.354450982991,-0.968843878547,-0.262745169981,2.32981708357,-0.745033219699,-1.43244195135,0.145276814482
4.874718,0.353061882149,-0.969245825686,-0.262437041452,2.33123058655,-0.746997753635,-1.4332079419,0.144645884123
4.884703,0.351007249258,-0.96997389994,-0.262406396993,2.33282849776,-0.748811297019,-1.43384674916,0.144158033361
4.894688,0.349068057773,-0.970873087546,-0.262416031386,2.33450359498,-0.750733258098,-1.4343397332,0.143749196042
4.904673,0.347740580325,-0.971410633807,-0.262387357032,2.33594059252,-0.752554568836,-1.43479949327,0.143307425596
4.914658,0.346495554398,-0.971804011473,-0.262512009838,2.33733412059,-0.754325765861,-1.43516791477,0.143024281647
4.924643,0.34493110192,-0.972149394482,-0.262535267271,2.33887250573,-0.755982475525,-1.43552586918,0.143043602034
4.934629,0.343195743396,-0.972521522871,-0.262479118959,2.34045121025,-0.757446092539,-1.43595299537,0.14322602031
4.944614,0.341584901993,-0.973000240105,-0.262612429457,2.34191818679,-0.758974171823,-1.43644775324,0.143251767076
4.954599,0.340025390353,-0.97364370315,-0.262929436711,2.3433006169,-0.760975233515,-1.43695357554,0.142948555752
4.964584,0.338215796141,-0.97450893051,-0.262868555189,2.34454356223,-0.76296365081,-1.43744930032,0.142602518602
4.974569,0.336537210656,-0.975304241435,-0.262370666607,2.34595053755,-0.764796167329,-1.43801033049,0.142857981213
4.984554,0.334995866697,-0.975972506678,-0.26213825746,2.34746118592,-0.766884912429,-1.43864979862,0.143023422703
4.994539,0.333398729255,-0.976506705063,-0.262021139208,2.34869012278,-0.768874059876,-1.43929212308,0.142831072172
5.004524,0.331632437867,-0.977000244386,-0.261945454496,2.34982181898,-0.770826502331,-1.43982586146,0.142891303704
5.014510,0.329649558284,-0.977493579515,-0.262065989219,2.35109046901,-0.772713484418,-1.44027287152,0.143009496299
5.024495,0.327707367562,-0.978106439535,-0.262230917925,2.35238293446,-0.774430820539,-1.44065139195,0.14288790191
5.034480,0.326093260267,-0.978854654579,-0.26222835346,2.35351087922,-0.776048680092,-1.44107768937,0.142690077867
5.044465,0.324688486838,-0.979515885447,-0.262193689935,2.35461437763,-0.777833640139,-1.44178937278,0.142811420342
5.054450,0.323029329203,-0.980062436511,-0.262143417986,2.35589836729,-0.779669460709,-1.44267134194,0.142908510551
5.064435,0.321354288699,-0.980829029956,-0.262187276442,2.35708697445,-0.781488673654,-1.44353065455,0.142811445242
5.074420,0.319798072156,-0.981635577416,-0.26205434475,2.35833546125,-0.783090788261,-1.4445089386,0.142849875722
5.084405,0.317920770831,-0.982320096159,-0.261771364597,2.35974183908,-0.784849393365,-1.44537595034,0.142752752878
5.094390,0.31609232686,-0.982634496711,-0.261654160954,2.36113124357,-0.786828561348,-1.44623091601,0.142628641949
5.104376,0.314615456768,-0.982959787608,-0.261809056128,2.36243936465,-0.788934144587,-1.44715825651,0.142638708934
5.114361,0.313439180622,-0.983625242811,-0.262206148779,2.36365815747,-0.79099086067,-1.44826010165,0.14269105938
5.124346,0.312191895251,-0.984452890708,-0.26253928613,2.36476057017,-0.792935122435,-1.44949630651,0.142619762765
5.134331,0.310470748654,-0.984991611759,-0.262331320665,2.36573851107,-0.794888164642,-1.45055565857,0.142514580547
5.144316,0.308314379111,-0.985340660192,-0.262148692169,2.36676212761,-0.796745806456,-1.45128449275,0.142485744306
5.154301,0.306410144107,-0.986118500548,-0.26228128485,2.36782818143,-0.798473665701,-1.45183029579,0.142510060542
5.164286,0.304535338854,-0.987160106395,-0.262378978309,2.36909465524,-0.800353777497,-1.4524310041,0.142563074745
5.174271,0.302893484704,-0.987956101174,-0.262572234663,2.37027002935,-0.802298939895,-1.45331228674,0.142725597982
5.184257,0.301097738951,-0.988608276538,-0.262638587279,2.37137960777,-0.804382476624,-1.45417677405,0.142738303634
5.194242,0.299031315714,-0.989218180996,-0.262679430711,2.37258812269,-0.806467668126,-1.45491295308,0.142686625585
5.204227,0.297079277024,-0.989832632412,-0.26262429451,2.37394428998,-0.808407912763,-1.45556572048,0.142720339511
5.214212,0.295549533228,-0.990484260973,-0.262368020932,2.37536190639,-0.810188066853,-1.45617476308,0.142764945968
5.224197,0.294076325078,-0.991166224829,-0.262268212056,2.37677745068,-0.811857192887,-1.45672760012,0.142630081623
5.234182,0.29264434538,-0.991741507634,-0.262202010583,2.37811711399,-0.813425842292,-1.45727128766,0.142575397337
5.244167,0.291195200124,-0.992611359368,-0.262046144887,2.37919453487,-0.815171958421,-1.45755615488,0.142412501735
5.254152,0.289770992078,-0.993417101804,-0.261910775955,2.38016768363,-0.816978862147,-1.45759316945,0.142266474263
5.264137,0.288325378687,-0.994120319523,-0.262134865369,2.38094589841,-0.818761295737,-1.45767862335,0.1422256402
5.274123,0.286583321094,-0.994746985656,-0.262294752843,2.38180598207,-0.820573624761,-1.45765315619,0.142221603572
5.284108,0.284751512017,-0.995491631515,-0.262245482124,2.38268035243,-0.822473473062,-1.45743464411,0.142241889608
5.294093,0.283248595195,-0.996434624584,-0.262171578103,2.3834596116,-0.824462364554,-1.45711664553,0.142341829743
5.304078,0.282209242411,-0.997442573241,-0.262160752321,2.38424758534,-0.826517010217,-1.45687310338,0.142559338943
5.314063,0.281268081658,-0.998372334829,-0.262011996925,2.38516645222,-0.828609972866,-1.4567831775,0.142816674901
5.324048,0.279893137913,-0.999173326514,-0.262427067739,2.38602800648,-0.83043561601,-1.45652254103,0.142867646374
5.334033,0.278618444988,-1.00010126482,-0.26278095901,2.38676521193,-0.832467220801,-1.45609859388,0.142678965916
5.344018,0.277097202859,-1.00098965198,-0.262434072387,2.38739729833,-0.834217258326,-1.45588057219,0.142691624674
5.354004,0.275831275676,-1.00168248736,-0.262191493353,2.38773662778,-0.835760555478,-1.45584567919,0.142701162014
5.363989,0.274785694217,-1.00230399978,-0.262248933185,2.38794185954,-0.837555528753,-1.45588084594,0.142508735112
5.373974,0.273629729436,-1.00279115989,-0.262357245268,2.38810217768,-0.839458096428,-1.45603996323,0.142353078192
5.383959,0.272313727771,-1.00330999505,-0.262255538589,2.38826060012,-0.841161730644,-1.45628394156,0.142353778628
5.393944,0.271238983769,-1.0041792948,-0.262018568138,2.38838033404,-0.842670613141,-1.45643658005,0.142310417899
5.403929,0.270723699208,-1.00507277089,-0.262001081952,2.38822080618,-0.84408907579,-1.45652750478,0.142230876856
5.413914,0.270082183281,-1.00564572391,-0.261867410312,2.38822101713,-0.845412729907,-1.45653534491,0.141972221995
5.423899,0.269083270819,-1.00629859148,-0.2618799107,2.38874883632,-0.846979410923,-1.45640629128,0.141970884413
5.433884,0.268439305608,-1.00697139863,-0.261992742339,2.38915605128,-0.848787354186,-1.45609908668,0.142094863147
5.443870,0.267835409347,-1.00758324736,-0.262277510598,2.38911045868,-0.850193974173,-1.45565664999,0.142225886532
5.453855,0.267215510611,-1.00831812525,-0.262429153981,2.38891327001,-0.851395669695,-1.45538258914,0.14254357514
5.463840,0.266495636738,-1.00915130709,-0.262294593755,2.3887528437,-0.852690023293,-1.45531074367,0.142948606519
5.473825,0.265772915586,-1.00990208214,-0.262099145115,2.38869231896,-0.854121012637,-1.45531924716,0.143103886985
5.483810,0.265243407403,-1.01045658624,-0.262115665648,2.38877129585,-0.855557011798,-1.45527898395,0.142913741393
5.493795,0.264596983642,-1.01082299976,-0.262063665339,2.38881871236,-0.856945739677,-1.45491134529,0.142898434477
5.503780,0.264112456527,-1.01113173118,-0.26206223022,2.38891312558,-0.858105186746,-1.45448933256,0.143027084073
5.513765,0.263603008495,-1.01146493352,-0.26218705707,2.38902405617,-0.858941206625,-1.45435275862,0.142894012767
5.523751,0.263116426761,-1.01174904335,-0.262031249136,2.38896790685,-0.859437719129,-1.45409476221,0.142895855355
5.533736,0.262640995113,-1.01222957401,-0.261405104204,2.38910818137,-0.860258283382,-1.45379969158,0.142978868293
5.543721,0.26229158578,-1.01268680033,-0.26112711212,2.38930289153,-0.861048477792,-1.45376806134,0.142993872161
5.553706,0.262070619799,-1.01299997591,-0.26122394689,2.38942291791,-0.861249092613,-1.4538889753,0.142847966889
5.563691,0.26178355151,-1.01333833983,-0.261139477215,2.38963215517,-0.860910926683,-1.45385932773,0.142668294946
5.573676,0.261277332046,-1.01380552226,-0.260774536462,2.39015546642,-0.860764857293,-1.45358770922,0.142698129555
5.583661,0.260902794016,-1.0138805832,-0.260607435253,2.39071334811,-0.861316499087,-1.45309929009,0.142831170087
5.593646,0.26112996858,-1.01362250658,-0.260565903159,2.39098656039,-0.86164901443,-1.45279542307,0.142826417465
5.603631,0.260869814326,-1.01368629262,-0.260288988979,2.391056432,-0.86187576482,-1.45273918026,0.142821708827
5.613617,0.260559269835,-1.01406979934,-0.260112717939,2.39126238264,-0.861819009929,-1.45302980509,0.142814864744
5.623602,0.260417521476,-1.01443492476,-0.259986949212,2.39142121251,-0.861750002293,-1.45322862805,0.142783489698
5.633587,0.260462675276,-1.01459953243,-0.259682815665,2.39142535713,-0.861494291534,-1.45309266694,0.142697879576
5.643572,0.260571152324,-1.01453536781,-0.259220411081,2.3914962954,-0.861255281244,-1.45284463352,0.142612237607
5.653557,0.260508060431,-1.01438807052,-0.258881454375,2.39180488225,-0.86120485115,-1.45278338872,0.142582189821
5.663542,0.260161410617,-1.01442564138,-0.25889690648,2.39215291604,-0.861016054411,-1.45292171736,0.142547677622
5.673527,0.26008516746,-1.01473545769,-0.259147615693,2.39247678251,-0.860986041121,-1.45335754714,0.142405254536
5.683512,0.260359639886,-1.01469678081,-0.259415184996,2.39286506729,-0.86125684365,-1.45361059517,0.142441258738
5.693497,0.260360269579,-1.01468673546,-0.259588625909,2.39287543052,-0.861086120497,-1.45355275312,0.142579056215
5.703483,0.260189804612,-1.01456396754,-0.259917722912,2.39276432311,-0.860871601218,-1.45361920073,0.142692908124
5.713468,0.260230787824,-1.01448255535,-0.259849023139,2.39278134919,-0.860565030694,-1.45372058332,0.142624142496
5.723453,0.260453262608,-1.01436217639,-0.25959110819,2.39283068234,-0.860288574037,-1.45361957851,0.142468273446
5.733438,0.260514170156,-1.01417133073,-0.25954325228,2.39281470474,-0.860282688463,-1.45345037192,0.142375168013
5.743423,0.260205596771,-1.01411465394,-0.25968429932,2.39278218067,-0.860612917359,-1.4534496662,0.142371095935
5.753408,0.259812209492,-1.01444161746,-0.259641601142,2.39280706768,-0.860958583341,-1.45341835511,0.142367058882
5.763393,0.259911245592,-1.01488204167,-0.259583160672,2.3928617721,-0.860817915773,-1.45303102438,0.142363056569
5.773378,0.260606786605,-1.0148033678,-0.259806008346,2.39319001304,-0.860347416939,-1.45287442692,0.142359092723
5.783364,0.260649234758,-1.01452001633,-0.259739230497,2.39313502141,-0.859977122092,-1.45312433019,0.142357326215
5.793349,0.260274075147,-1.01424715936,-0.259650756067,2.39301394233,-0.860207191421,-1.45321304526,0.142381282034
5.803334,0.259966815192,-1.01429585337,-0.259436248904,2.39327272573,-0.860534624478,-1.45329293603,0.142464505434
5.813319,0.25998810613,-1.01460017358,-0.259179712531,2.39364926944,-0.860585280557,-1.4533600514,0.142517255168
5.823304,0.26037651076,-1.01483227705,-0.258923770025,2.39387366935,-0.860474320744,-1.45337378846,0.142469238716
5.833289,0.26090800728,-1.01474918426,-0.258776447954,2.39394544555,-0.86043880778,-1.45340644251,0.142420857312
5.843274,0.261131921794,-1.01448328983,-0.259015402088,2.39383536381,-0.860352054267,-1.4535378832,0.142576214355
5.853259,0.260992523443,-1.01448650885,-0.258978729713,2.3935832537,-0.860208636403,-1.45357219409,0.1427545828
5.863244,0.260881839783,-1.01455567039,-0.2592443565,2.39352682696,-0.860504795361,-1.45378333617,0.142798597301
5.873230,0.260950414532,-1.01479953977,-0.259427299,2.3936412572,-0.86066751165,-1.45410936646,0.142595981943
5.883215,0.26089568816,-1.01497911484,-0.258950686987,2.39357487265,-0.860282009133,-1.45407712642,0.142416285139
5.893200,0.260784803305,-1.01491608552,-0.258479923834,2.39363275568,-0.860234866618,-1.453768157,0.142525404488
5.903185,0.260834826328,-1.01474347353,-0.258389298816,2.39388163275,-0.860468098433,-1.45369899338,0.14260059962
5.913170,0.260874829457,-1.01458832111,-0.258422661639,2.39420762423,-0.860623601442,-1.45393346423,0.142520626634
5.923155,0.260594338877,-1.01446884352,-0.258257172628,2.39453302591,-0.860682875668,-1.45405992397,0.142542852691
5.933140,0.260286825163,-1.01446197717,-0.258147682384,2.39484388355,-0.860683483263,-1.45401734832,0.142629705437
5.943125,0.260270881635,-1.0144297361,-0.258086330557,2.39506640616,-0.860471955323,-1.45401265612,0.142475935413
5.953111,0.26004194994,-1.01434426361,-0.258075804174,2.39491302044,-0.860460015941,-1.45381816419,0.142353042703
5.963096,0.260117410364,-1.01443039028,-0.258247434047,2.39472197892,-0.860316585439,-1.4536829562,0.142490815327
5.973081,0.260274907705,-1.01457876165,-0.258429305729,2.39503472734,-0.860313834291,-1.45364456689,0.142716651547
5.983066,0.260251612787,-1.01456416501,-0.258231094324,2.39538297331,-0.860509342616,-1.4537730633,0.142778556089
5.993051,0.260178439963,-1.0145393901,-0.258017671305,2.39546857003,-0.860757292275,-1.45401294187,0.142769970672
6.003036,0.260174962607,-1.01455425933,-0.257916930811,2.39547358636,-0.860760786482,-1.45425160986,0.142814293439
6.013021,0.26013248131,-1.01442005111,-0.257631049348,2.39558581299,-0.860460520747,-1.45439487032,0.142792775883
6.023006,0.260033727545,-1.01424690922,-0.257619408596,2.3954832257,-0.860428488855,-1.45439806202,0.142584923351
6.032991,0.260032908149,-1.01428944566,-0.258427204258,2.39577564911,-0.860707440534,-1.4545505996,0.142910233738
6.042977,0.260135072436,-1.01434578438,-0.258776678609,2.39589377882,-0.860467756607,-1.45458261492,0.142666276702
6.052962,0.259980810329,-1.01469126801,-0.258426014413,2.39582315076,-0.860538847286,-1.45473275282,0.142248418056
6.062947,0.259964848809,-1.01485767481,-0.25775886769,2.39584346072,-0.860745729378,-1.45492808297,0.142361996159
6.072932,0.260081095741,-1.01486070264,-0.257491494279,2.39590764811,-0.86063856626,-1.45483356802,0.142623420695
6.082917,0.260213254325,-1.01491305697,-0.257725882383,2.3959005989,-0.860246483612,-1.45446370247,0.14261247903
6.092902,0.260436783378,-1.01498107596,-0.258072490033,2.39589779217,-0.859954472146,-1.45422536023,0.14231380627
6.102887,0.260739043678,-1.01491090407,-0.258183611255,2.39611279485,-0.860019439133,-1.45442862493,0.14203748875
6.112872,0.260456701345,-1.01505818505,-0.258080087928,2.39656000762,-0.860261146674,-1.45471592237,0.142069915786
6.122858,0.260361778827,-1.01518623082,-0.258208137336,2.39728855225,-0.860229737919,-1.45483813048,0.142058112088
6.132843,0.260563972999,-1.01504864438,-0.258287877453,2.39707864794,-0.859953008029,-1.45469299187,0.142206298011
6.142828,0.260523344393,-1.01491422814,-0.258419717923,2.39698381659,-0.859912222948,-1.45452919711,0.142209045695
6.152813,0.260270646559,-1.01495956871,-0.258645602599,2.39709570358,-0.860105733075,-1.45449890161,0.142156800472
6.162798,0.260246324983,-1.01503348909,-0.258584950278,2.39714609437,-0.860236646618,-1.45461130847,0.142263286792
6.172783,0.260411649214,-1.0150514925,-0.258264302132,2.39713037857,-0.860213267395,-1.45484484553,0.142484415013
6.182768,0.260503853521,-1.01510715286,-0.257990823827,2.39714108382,-0.86009001543,-1.45510267335,0.142568402877
6.192753,0.260488791938,-1.01528513094,-0.257882297064,2.39714364848,-0.859826589932,-1.45522822539,0.14244234663
6.202738,0.260344512982,-1.0153976449,-0.257817122283,2.39725061201,-0.859370188423,-1.45522592875,0.142523566337
6.212724,0.260352883465,-1.01540518997,-0.257745462515,2.39714758812,-0.859668561932,-1.45525275784,0.142308173214
6.222709,0.260386718997,-1.01522694167,-0.257778759179,2.39723649984,-0.860311914737,-1.45541619618,0.142357353021
6.232694,0.26049634929,-1.01509283669,-0.258222071358,2.39743347695,-0.860095790129,-1.45564660598,0.142519599094
6.242679,0.260550582053,-1.01504688644,-0.258307176861,2.39756999397,-0.859598959485,-1.45560585776,0.142412525928
6.252664,0.260502854286,-1.01513115263,-0.257982340425,2.3977027632,-0.859414463909,-1.45529503292,0.142490648236
6.262649,0.260541303583,-1.01521097748,-0.257694662437,2.39770795987,-0.859599610269,-1.45512258384,0.142644127293
6.272634,0.260699115711,-1.01515545392,-0.257632385595,2.39752749846,-0.859998414818,-1.45535847195,0.142429771174
6.282619,0.260718615083,-1.01505878722,-0.257477308666,2.39742029239,-0.860511517823,-1.45567522824,0.142038883997
6.292605,0.260854969944,-1.01508273563,-0.25729306658,2.39743908349,-0.860577902332,-1.45552055607,0.14219564635
6.302590,0.261459235103,-1.01533581696,-0.25717866468,2.39774108145,-0.860702499392,-1.45515989832,0.142222280413
6.312575,0.261260833424,-1.01517963061,-0.257211061212,2.39788257126,-0.860927246648,-1.45501556828,0.14236067143
6.322560,0.261045623355,-1.0146874377,-0.257544551,2.39782552379,-0.860612572034,-1.45499839164,0.142522039646
6.332545,0.260993240998,-1.01449576981,-0.257667803845,2.39785616112,-0.860141595577,-1.45522521351,0.142611323086
6.342530,0.260944893488,-1.01474023513,-0.257364971042,2.39800727177,-0.859955702347,-1.45551573036,0.142765205939
6.352515,0.260961542811,-1.01503566597,-0.257071370652,2.39810129999,-0.859919699624,-1.4555955455,0.14291892779
6.362500,0.261042697682,-1.01509800893,-0.257167953039,2.39807283762,-0.859826658589,-1.45534571851,0.142843457203
6.372485,0.260804442665,-1.01512278839,-0.257237637176,2.3980855938,-0.860057506156,-1.4549553709,0.142555878995
6.382471,0.260431135263,-1.01499505961,-0.256764387325,2.39800221495,-0.860835835369,-1.45493583052,0.142519681797
6.392456,0.260566343294,-1.01452682639,-0.256549264225,2.39786082884,-0.860884312675,-1.45504538373,0.142342056714
6.402441,0.260239694307,-1.01464076732,-0.25630937189,2.39758800084,-0.860368016089,-1.45485442563,0.142086299841
6.412426,0.260268895062,-1.01490451903,-0.256213038301,2.39772776248,-0.859876267091,-1.4548711102,0.142108052764
6.422411,0.260691187431,-1.01501683894,-0.256331434538,2.39793179744,-0.859992244183,-1.45512433554,0.14226163857
6.432396,0.260822058629,-1.01493739846,-0.256412921477,2.39790852146,-0.860290689521,-1.45519915932,0.142262142344
6.442381,0.260490723342,-1.01482642932,-0.256407188657,2.39772415818,-0.860318554088,-1.45508162463,0.142191991276
6.452366,0.260290061408,-1.0147829276,-0.256422217048,2.39757642294,-0.860138058977,-1.45500943442,0.142352158812
6.462352,0.26065496092,-1.01471339505,-0.256346835921,2.3975060842,-0.860023181519,-1.45480930114,0.142715305612
6.472337,0.260801313584,-1.01481918216,-0.256216003881,2.3977684273,-0.86000288394,-1.45449246365,0.142885497865
6.482322,0.260171723074,-1.01498005792,-0.255883470175,2.39792284103,-0.860188314448,-1.45436970333,0.142448430653
6.492307,0.259826245834,-1.01471931831,-0.255846230063,2.39769471851,-0.860290035444,-1.45457329436,0.142487896975
6.502292,0.259850770092,-1.0145532342,-0.255812404728,2.39768419284,-0.860193071088,-1.45469723804,0.142634693068
6.512277,0.259945098212,-1.0146814618,-0.255641826628,2.39777921605,-0.859887790463,-1.45470118692,0.142506711755
6.522262,0.260025192128,-1.01490033568,-0.25550176745,2.39786905953,-0.859893368921,-1.45484863242,0.14232334294
6.532247,0.260123307628,-1.01489432114,-0.255598159216,2.39802019388,-0.860336956714,-1.45506449114,0.142239006581
6.542232,0.260226380744,-1.01468316128,-0.255807172356,2.3980986896,-0.860670960017,-1.45509564604,0.14211096718
6.552218,0.260311450278,-1.01476572293,-0.255702440601,2.39763369126,-0.860436390015,-1.45513166042,0.14196228876
6.562203,0.260551456835,-1.01523277243,-0.255708070909,2.39763829027,-0.86013354848,-1.45489934228,0.142130707042
6.572188,0.260343847648,-1.01552692101,-0.256004227393,2.3978655207,-0.859814695009,-1.45468188417,0.142129673324
6.582173,0.260379848163,-1.0153065735,-0.256045930282,2.39746614075,-0.859957158656,-1.45494599456,0.142127765496
6.592158,0.260476920526,-1.0149592976,-0.255846973993,2.39744191117,-0.860395296929,-1.45503147085,0.142126659635
6.602143,0.260622687731,-1.01475526614,-0.255809447781,2.39758280012,-0.860554483979,-1.45504060743,0.14213914438
6.612128,0.260546975024,-1.01474185868,-0.255982710142,2.39759039425,-0.860246714995,-1.45508626808,0.142209873176
6.622113,0.260240914238,-1.01481904899,-0.256166950049,2.39748617896,-0.859900728687,-1.45505192363,0.142296574499
6.632099,0.260091327646,-1.01482785941,-0.25624204218,2.39745508694,-0.85992598982,-1.45482244828,0.142272469566
6.642084,0.260255458742,-1.01467478788,-0.256256841898,2.39748434842,-0.859918503894,-1.45466203543,0.142116743579
6.652069,0.260225460974,-1.01486998417,-0.255957095679,2.39743191536,-0.860088068793,-1.45502433951,0.142116850934
6.662054,0.259800643996,-1.01499743206,-0.256156738235,2.39746904815,-0.860130009994,-1.45512992815,0.142157064879
6.672039,0.259797863476,-1.01502050735,-0.256016924625,2.39743088425,-0.860348763694,-1.45503614283,0.142361556742
6.682024,0.259676901791,-1.01480625956,-0.255706928142,2.39743095489,-0.860451486563,-1.45474737503,0.142371491475
6.692009,0.259705225972,-1.01466992641,-0.255927188276,2.39734320744,-0.860259007478,-1.45460419432,0.142126816102
6.701994,0.259811497889,-1.01473755845,-0.256285090257,2.39731498647,-0.860088333585,-1.45461184224,0.142076131114
6.711979,0.259856544562,-1.01485234072,-0.256258830616,2.3974163782,-0.860197768487,-1.45468109942,0.142288578284
6.721965,0.259878079856,-1.01484754316,-0.256088228837,2.39748033911,-0.860398132698,-1.45487465805,0.142313416157
6.731950,0.259654836372,-1.01481297948,-0.256077254009,2.39755303926,-0.860376049088,-1.4551430859,0.142272570139
6.741935,0.259432537425,-1.01464563338,-0.255840967138,2.39762084892,-0.859854053637,-1.45512410006,0.142317248439
6.751920,0.259821527365,-1.01437020164,-0.25619343733,2.39740326321,-0.859558123935,-1.45468819673,0.142254127977
6.761905,0.260244014169,-1.01442415002,-0.256560489969,2.39734778573,-0.859573967485,-1.45444126258,0.142193530475
6.771890,0.260608823687,-1.0146941289,-0.256226903756,2.39702006327,-0.859677090396,-1.4545040629,0.142225212478
6.781875,0.260481691212,-1.01476028186,-0.255836076872,2.39671984621,-0.859776718977,-1.45461013116,0.142460729539
6.791860,0.260077336204,-1.01466924315,-0.255729801773,2.39677002513,-0.86005280236,-1.4548207812,0.142518917601
6.801846,0.259911092131,-1.01466078304,-0.25570783105,2.39709560331,-0.860351380761,-1.45516504332,0.142302918278
6.811831,0.260103483411,-1.0147412755,-0.255650433645,2.39734057272,-0.860252961182,-1.45527655477,0.14230818479
6.821816,0.26035738342,-1.01487793809,-0.255896244601,2.39735339556,-0.860316634475,-1.45492042656,0.142441216291
6.831801,0.260201314561,-1.01523168141,-0.255976125086,2.39721063066,-0.860871717688,-1.45480905813,0.142291790922
6.841786,0.259602228828,-1.01525338193,-0.255789923678,2.39743913082,-0.860962907194,-1.45489225405,0.142115921305
6.851771,0.259320168666,-1.01526911331,-0.255913661921,2.39754454512,-0.860418705478,-1.45505900894,0.142097324359
6.861756,0.259368109581,-1.0153371799,-0.256038963276,2.39739504198,-0.860094428963,-1.45488996531,0.142177280847
6.871741,0.259390101955,-1.01523887622,-0.255953280114,2.39722672184,-0.860082741144,-1.45463408638,0.14217918272
6.881726,0.259449299846,-1.01493268346,-0.255723703719,2.39706829756,-0.860098373309,-1.45445646919,0.142106218921
6.891712,0.259754226501,-1.01472094577,-0.255675889604,2.39692911394,-0.859967666867,-1.45430284163,0.142171932134
6.901697,0.260122153648,-1.01487188519,-0.256004896488,2.3970011836,-0.859866359627,-1.45419568301,0.142459258863
6.911682,0.260226952355,-1.01489682305,-0.256107839602,2.3971231779,-0.860181835857,-1.45434494123,0.142433693504
6.921667,0.260457623491,-1.01502675805,-0.256030133503,2.39747656751,-0.860339045947,-1.4545588154,0.142303573378
6.931652,0.260400028923,-1.01508247409,-0.255904629675,2.3974836946,-0.860211137334,-1.4548439067,0.142262458761
6.941637,0.260191155218,-1.01506703461,-0.255725227468,2.39738638507,-0.860021110871,-1.45515787208,0.142369083545
6.951622,0.259858298178,-1.0151570984,-0.255364580802,2.39738851259,-0.859854380939,-1.45507442586,0.142228651668
6.961607,0.259846344549,-1.01508482465,-0.255280609975,2.3973802826,-0.859677110154,-1.4548101037,0.141983980871
6.971593,0.259980245198,-1.01489020868,-0.255360322831,2.39718029768,-0.859505496644,-1.45463072403,0.141926568537
6.981578,0.259848082168,-1.01483625274,-0.255425451082,2.39699371635,-0.859405864176,-1.45454315217,0.142005410336
6.991563,0.259663880078,-1.01483944561,-0.255853288509,2.39726514964,-0.859444739025,-1.45446855745,0.141886742581
7.001548,0.25971376288,-1.01451309825,-0.255858715081,2.39735016503,-0.85978657073,-1.45454074013,0.14183875061
7.011533,0.259664676553,-1.01467751251,-0.255247291825,2.39755449566,-0.860110821419,-1.45430599138,0.141905343813
7.021518,0.25970866714,-1.01497584805,-0.255521662901,2.39767883156,-0.860256943505,-1.45434407023,0.141981935456
7.031503,0.259694421678,-1.01507176204,-0.25560268036,2.39739113972,-0.859952376777,-1.45444411185,0.142065358459
7.041488,0.259781656528,-1.01495517372,-0.255583303002,2.39736811932,-0.859543013314,-1.45471746282,0.141963246844
7.051473,0.259716807439,-1.01478513673,-0.25543304774,2.39745050525,-0.859447634116,-1.45487832723,0.142031571095
7.061459,0.259520777664,-1.01462543783,-0.255262422794,2.39745313958,-0.859554553719,-1.45480777071,0.142238556205
7.071444,0.259471951973,-1.01449825002,-0.255397116533,2.39749637795,-0.859556454448,-1.45465345704,0.14226043438
7.081429,0.259517170008,-1.01453602585,-0.255882792113,2.39761015707,-0.859588295693,-1.45453155903,0.142218005912
7.091414,0.259306682084,-1.01470182995,-0.25569380741,2.39763958011,-0.859732782544,-1.45469244125,0.142232915586
7.101399,0.259507634953,-1.01503307006,-0.255283358381,2.39745246229,-0.859913951129,-1.45497423271,0.141932078701
7.111384,0.259648346524,-1.0152465064,-0.255774062076,2.39744194113,-0.859918611732,-1.45480216229,0.141969035046
7.121369,0.259709936871,-1.01539485452,-0.255763082312,2.39754258468,-0.859811705331,-1.45455953486,0.142065405613
7.131354,0.259608109091,-1.01545923739,-0.25531457208,2.39760265927,-0.859709536355,-1.45477717402,0.14204359006
7.141340,0.259519229345,-1.01531795912,-0.255120002438,2.39744992708,-0.859567966563,-1.45496677439,0.142119185677
7.151325,0.259515708303,-1.01516686956,-0.255236658337,2.39723552077,-0.859439959944,-1.45481663371,0.142245746926
7.161310,0.259473732785,-1.01529416093,-0.255242159282,2.39724658713,-0.859509004242,-1.45464692412,0.142215065877
7.171295,0.25935541978,-1.0154674919,-0.255274771969,2.39737431454,-0.859733692318,-1.45465555384,0.142224698947
7.181280,0.259317125648,-1.01528245682,-0.255422370198,2.39722537772,-0.859333744261,-1.45446753971,0.142037677367
