time,right_s0,right_s1,right_e0,right_e1,right_w0,right_w1,right_w2
0.653081,0.411794153497,-0.657303840078,-0.280823751781,1.34486795443,-0.759540311666,-0.874987917044,0.543037013486
0.663065,0.4121771574,-0.656284200653,-0.280092229088,1.34561728381,-0.759163780015,-0.874682232247,0.542811944498
0.673049,0.412262961434,-0.655195522837,-0.279052470137,1.34644888742,-0.758698776192,-0.8745129283,0.542492760606
0.683033,0.412273869195,-0.654376268543,-0.278062854808,1.34729694841,-0.758268813716,-0.874547049865,0.54252687823
0.693017,0.41226378894,-0.653763108576,-0.277610245073,1.34815845244,-0.757931997425,-0.874671307736,0.542825750906
0.703001,0.412455782695,-0.653313898491,-0.277426988684,1.34912760278,-0.757782696153,-0.874893331209,0.543234201934
0.712985,0.412811262102,-0.652947821589,-0.277001006351,1.35014776007,-0.757928787256,-0.87543198103,0.543670304373
0.722969,0.412931720296,-0.652539488413,-0.27627535417,1.35098866439,-0.75819959569,-0.876410621513,0.544042455247
0.732953,0.412553353019,-0.652096235611,-0.275692382491,1.35155044169,-0.758092555811,-0.877497898001,0.544230262475
0.742936,0.412142205794,-0.651887998382,-0.275206982253,1.35222162663,-0.757820180678,-0.878213230363,0.544481185917
0.752920,0.4119180653,-0.651691113792,-0.274854099285,1.35317078239,-0.758011341298,-0.878876433683,0.545075977471
0.762904,0.411652661209,-0.65133974515,-0.274288592269,1.3539882855,-0.758441163252,-0.879790144973,0.546007147024
0.772888,0.411388575702,-0.650696708866,-0.273839223242,1.35475097284,-0.758689833691,-0.880869554402,0.547610485761
0.782872,0.411016080976,-0.650007243233,-0.273276522377,1.35541548519,-0.758718246884,-0.882030483747,0.549398501991
0.792856,0.410589975154,-0.649543823759,-0.272504616963,1.35607473064,-0.75876590528,-0.883145761105,0.550732972594
0.802840,0.410162116053,-0.649360192518,-0.27169498789,1.3567685554,-0.758921062341,-0.884326390941,0.551427109143
0.812824,0.409740351671,-0.64928182548,-0.271069547663,1.35747401371,-0.758975875847,-0.885862228178,0.551731803763
0.822808,0.409315789694,-0.649051930436,-0.270654422251,1.35825042387,-0.758638540902,-0.88782833555,0.551903971334
0.832792,0.408678518863,-0.648463740421,-0.270339202715,1.3592161753,-0.757864181904,-0.88977491989,0.551942858751
0.842776,0.407874493117,-0.647795344192,-0.269758249604,1.36023388666,-0.757157945295,-0.891654249323,0.551709561177
0.852760,0.407112549422,-0.647637885676,-0.269298526271,1.36097872993,-0.756379177914,-0.893968741106,0.551520170659
0.862744,0.406452689661,-0.647480009157,-0.268737629099,1.36170910897,-0.75551353885,-0.896856772591,0.551545077756
0.872728,0.405696410986,-0.647050410571,-0.268152363475,1.3624757516,-0.754547104527,-0.90010008698,0.551784176031
0.882712,0.404838513636,-0.646416269949,-0.26753446056,1.36306934876,-0.753519390313,-0.903469701812,0.552004390368
0.892696,0.404105393771,-0.645761112731,-0.266974428223,1.36343156926,-0.752508897141,-0.90681996801,0.552118427565
0.902680,0.403554442559,-0.645148757242,-0.266527842198,1.36366003069,-0.751537120699,-0.910099891044,0.552212519515
0.912663,0.402913048223,-0.644458940367,-0.266105038908,1.36387226485,-0.75052177707,-0.913420032367,0.552360740913
0.922647,0.40217496268,-0.643581906678,-0.265815404839,1.36434693808,-0.749402918039,-0.917153421635,0.552582863861
0.932631,0.401401764103,-0.642880068598,-0.26572195378,1.36515738476,-0.748339112994,-0.921047926917,0.552828976652
0.942615,0.400354047121,-0.642366146672,-0.265461001627,1.36565291828,-0.747292672632,-0.924812003215,0.552947800552
0.952599,0.399230416826,-0.641609206865,-0.265134135203,1.36602415027,-0.74631332514,-0.928571139775,0.552993874635
0.962583,0.398218394634,-0.640833378582,-0.264991103533,1.36650052007,-0.74543187276,-0.932190744799,0.552894827249
0.972567,0.397363724503,-0.640110917846,-0.264924370856,1.36710026118,-0.744810915322,-0.935636391241,0.55280112109
0.982551,0.396557175574,-0.639420706251,-0.264743402839,1.36766144697,-0.744387135952,-0.939000020876,0.552875104873
0.992535,0.395772948795,-0.638759011138,-0.264404815341,1.36812600469,-0.743939653174,-0.942246176537,0.553136926593
1.002519,0.395088250253,-0.638076282777,-0.264067125611,1.36862089441,-0.74335653117,-0.945262221787,0.553509337173
1.012503,0.394311078527,-0.637125129016,-0.263965544838,1.36913728069,-0.742729090214,-0.948313145406,0.553981511107
1.022487,0.393328029065,-0.63610465485,-0.264049425109,1.36965711423,-0.742156577956,-0.950997942465,0.554343242723
1.032471,0.392148554026,-0.63502737732,-0.263587499605,1.37021039381,-0.741864413467,-0.953325765783,0.554628380997
1.042455,0.391003117052,-0.634054820557,-0.263109270546,1.37057202768,-0.74169053661,-0.955595315848,0.554962979232
1.052439,0.389966033124,-0.633012287267,-0.26268868348,1.37077625458,-0.741432491606,-0.9578310936,0.555095564027
1.062423,0.388964095285,-0.632071069989,-0.262405762065,1.37102115267,-0.741272422192,-0.960018887716,0.555178594363
1.072407,0.388047011216,-0.631195083201,-0.262326345939,1.37141393452,-0.741101859814,-0.96225947415,0.555339012501
1.082390,0.387159636909,-0.630301435931,-0.262292405251,1.37188265411,-0.740790088076,-0.964594192614,0.555557774857
1.092374,0.386118996414,-0.62945270482,-0.262097792022,1.37226687002,-0.740579762277,-0.966962589268,0.55581798768
1.102358,0.385025762997,-0.628612762541,-0.261975337013,1.37249553477,-0.740911174258,-0.969400238958,0.556242049703
1.112342,0.384122146007,-0.627396198893,-0.261947380951,1.37265453511,-0.741767373654,-0.971707065692,0.556758262977
1.122326,0.38295417852,-0.626132931121,-0.261870595305,1.37263810217,-0.742467816958,-0.97382985788,0.556936517711
1.132310,0.381595998347,-0.625066707591,-0.261838064397,1.37270608654,-0.74306917923,-0.975837570442,0.556964299331
1.142294,0.38022914993,-0.624094341833,-0.262017218502,1.37277007545,-0.744205958315,-0.978108036373,0.55699799226
1.152278,0.378986885699,-0.62314082513,-0.262149057761,1.37281682724,-0.745625829417,-0.980542613737,0.556986572224
1.162262,0.377807513962,-0.622163675436,-0.262023777274,1.37299146727,-0.746839809032,-0.982774236567,0.556877621825
1.172246,0.376569334885,-0.621099436099,-0.261718621632,1.37334334096,-0.747670631632,-0.984749897,0.556724023275
1.182230,0.375138367757,-0.619958263875,-0.261432011905,1.37372972637,-0.748374618601,-0.986786882084,0.55662103323
1.192214,0.373396154101,-0.618959855003,-0.261141908724,1.37399863886,-0.74933326308,-0.989039959786,0.556603479155
1.202198,0.371879620944,-0.618228642513,-0.260725609561,1.37407470379,-0.75060850257,-0.991361122857,0.556844103792
1.212182,0.370725863232,-0.617475525131,-0.260218499909,1.37433351847,-0.751891244383,-0.993797767588,0.557009665805
1.222166,0.369337346949,-0.616815970113,-0.25982678923,1.3747697545,-0.753371543161,-0.996258019564,0.556913669747
1.232150,0.368283210117,-0.616277553136,-0.259655022621,1.37532350858,-0.75486443346,-0.998742390049,0.556944271407
1.242133,0.367424549221,-0.615689454202,-0.259570840642,1.37593048291,-0.75610939435,-1.00127287284,0.557059933125
1.252117,0.366076379582,-0.614973588107,-0.259450777089,1.3765393392,-0.757017371653,-1.00379802411,0.557183068865
1.262101,0.364332437348,-0.614122787151,-0.25928191062,1.37712632613,-0.757760092709,-1.00629452084,0.557113173665
1.272085,0.362859117428,-0.61326798887,-0.259141419316,1.37768912202,-0.758589095352,-1.0088415942,0.556772872879
1.282069,0.361591056383,-0.612654502612,-0.259104831338,1.37827935479,-0.759575916366,-1.01155330441,0.556556600316
1.292053,0.360120447286,-0.611995849314,-0.259161793628,1.37915896232,-0.760671307795,-1.01437422227,0.556792253595
1.302037,0.358630770141,-0.61142477555,-0.259420825766,1.38030828512,-0.761685164567,-1.01736970707,0.556877307361
1.312021,0.35701400502,-0.61114584396,-0.259678606501,1.38134687635,-0.76250209911,-1.0204708303,0.556593335853
1.322005,0.355416256787,-0.610987590213,-0.259709715435,1.38237857617,-0.763258211311,-1.02361550554,0.556463976713
1.331989,0.353869328534,-0.610565481231,-0.259669124455,1.38344096005,-0.76384820045,-1.02683027868,0.556622353506
1.341973,0.352342781043,-0.610049680199,-0.259663323338,1.38448569652,-0.764331057857,-1.03019189842,0.556756755417
1.351957,0.350875309129,-0.609736372453,-0.259682857676,1.38546234593,-0.764930637247,-1.03373409716,0.556656626575
1.361941,0.349529742204,-0.609626939959,-0.259688184413,1.38636730774,-0.765734314121,-1.03737384315,0.556450261499
1.371925,0.348196013604,-0.609440976446,-0.25966854613,1.38730551993,-0.766541289546,-1.04093986914,0.556385105697
1.381909,0.346454301069,-0.609024614694,-0.259547899426,1.38862124645,-0.767330410086,-1.04435680094,0.556453879679
1.391893,0.344043959158,-0.608538071203,-0.259414379262,1.39017198267,-0.768221419001,-1.04788640026,0.556446911188
1.401877,0.341736378678,-0.608289635204,-0.259268060103,1.39143493727,-0.769313269929,-1.05164752461,0.556378883049
1.411860,0.340131619626,-0.608096415819,-0.259052892836,1.39243991408,-0.770218717802,-1.05540806878,0.556252712133
1.421844,0.338864627277,-0.607716936048,-0.25857274274,1.39360913092,-0.770797612798,-1.05892635367,0.556192113928
1.431828,0.337110461745,-0.607312365578,-0.257864648829,1.39507563856,-0.77142208547,-1.06225075511,0.556260801001
1.441812,0.334830890706,-0.607141051885,-0.257209597458,1.39663742651,-0.772231852314,-1.06567697754,0.556294206298
1.451796,0.33256729869,-0.607194401533,-0.256764748819,1.3980481878,-0.773164404995,-1.06927434171,0.55613472026
1.461780,0.330541772587,-0.607141784395,-0.256288673823,1.39927601728,-0.774360511288,-1.07268330793,0.555914150525
1.471764,0.32852466762,-0.606724834422,-0.25544639356,1.40043631673,-0.776012738952,-1.07575748085,0.555895931315
1.481748,0.326326177602,-0.606260234815,-0.254557148667,1.40175350025,-0.777459579287,-1.07873543132,0.555875207767
1.491732,0.324085275612,-0.605878104271,-0.253922924572,1.4028380863,-0.77857702162,-1.08184109819,0.555765071029
1.501716,0.321931497342,-0.605547831393,-0.253294134565,1.40369235341,-0.779996072856,-1.08506041082,0.555765297062
1.511700,0.319779011464,-0.605182678799,-0.252535054956,1.40464530546,-0.78219531216,-1.08803314302,0.555760320398
1.521684,0.31754341498,-0.604737373345,-0.251881478338,1.405637401,-0.784684014902,-1.0906594335,0.555686773446
1.531668,0.315250886103,-0.604316959592,-0.251391779621,1.40652178337,-0.786909891808,-1.09306603202,0.55564976281
1.541652,0.31290059797,-0.60399617161,-0.250828492425,1.40732640237,-0.789043709854,-1.09530929201,0.555715491221
1.551636,0.310393421325,-0.603721200607,-0.249972072169,1.40817674249,-0.791665599408,-1.09725812942,0.555760793171
1.561620,0.307735086609,-0.603502915624,-0.249005416515,1.40895456123,-0.794458906023,-1.09887080009,0.555661682911
1.571604,0.305128896219,-0.603152831106,-0.248283564878,1.40951013483,-0.796737069411,-1.10031264989,0.555513960795
1.581587,0.302524024964,-0.602546279192,-0.247375140144,1.41012768364,-0.799030265096,-1.10193089588,0.555239198949
1.591571,0.300329003078,-0.602033677089,-0.246443812404,1.41085960147,-0.801854649002,-1.10356793706,0.554961532135
1.601555,0.297988038031,-0.601610913005,-0.245708724996,1.41160141245,-0.805055636752,-1.10502074161,0.554997333952
1.611539,0.295224032322,-0.60136935873,-0.244870568848,1.41219565422,-0.80833779148,-1.10624210084,0.555211754764
1.621523,0.292376897656,-0.601132960575,-0.243874132571,1.41258823661,-0.811577932986,-1.10736460869,0.555371742269
1.631507,0.289850433656,-0.600601436322,-0.242925678132,1.41281623917,-0.814881101403,-1.10852556429,0.555393529831
1.641491,0.287532134458,-0.59975991476,-0.242110375033,1.4129561991,-0.818344539782,-1.1097581051,0.555347837249
1.651475,0.284898064861,-0.599056416517,-0.241186289049,1.41312777028,-0.821735690528,-1.11104698198,0.555284466921
1.661459,0.282042799712,-0.598615870842,-0.240089460806,1.41351014904,-0.824690777524,-1.11225171435,0.555113269346
1.671443,0.279406880064,-0.598414217486,-0.239197067898,1.41398232935,-0.827854395368,-1.1129589507,0.554945799436
1.681427,0.276709835267,-0.598315654368,-0.238133830437,1.4141870561,-0.831374709003,-1.11356338954,0.554904890831
1.691411,0.273972304406,-0.598197766792,-0.236921001713,1.41415913717,-0.834726910162,-1.11446108217,0.555050384576
1.701395,0.271339037183,-0.597848940779,-0.235845036559,1.41423521453,-0.837937047258,-1.1155176408,0.555207782977
1.711379,0.268757379384,-0.597373030548,-0.234963621367,1.41453834928,-0.841188028551,-1.11650165485,0.555230567343
1.721363,0.266121145388,-0.59695151441,-0.234214991351,1.41488832967,-0.844469833155,-1.11744279756,0.555123333104
1.731347,0.263464274331,-0.596610711936,-0.233510295966,1.41506845187,-0.847529884977,-1.11856192341,0.554955387647
1.741331,0.260914286122,-0.596310920988,-0.232673423058,1.41512644702,-0.850162713649,-1.11989738514,0.554728651084
1.751314,0.258348938366,-0.596154785581,-0.231787235162,1.41515761564,-0.852677599492,-1.1212848031,0.554610500824
1.761298,0.255411849673,-0.595881195628,-0.230708025731,1.41502471132,-0.85547170591,-1.1228748119,0.554944880526
1.771282,0.252471541066,-0.595525697908,-0.229694998412,1.415022198,-0.858251796373,-1.12451638835,0.555045695178
1.781266,0.249827147621,-0.595167743128,-0.228813780334,1.41511143021,-0.860884971394,-1.12642621446,0.554808006292
1.791250,0.247323610388,-0.594845221366,-0.227897154919,1.415126898,-0.863501071421,-1.12873291859,0.554579642294
1.801234,0.244613960323,-0.594598288558,-0.226997142616,1.41513511908,-0.866030233274,-1.13135685555,0.554489615283
1.811218,0.241585303497,-0.594332253892,-0.226157075954,1.41519214482,-0.868250963395,-1.13405021028,0.554475497631
1.821202,0.238484367124,-0.593905313016,-0.225249949213,1.41518459026,-0.87004906036,-1.13659769501,0.554481936143
1.831186,0.235586222148,-0.593356119358,-0.224149005193,1.41504345519,-0.871556638421,-1.13906038819,0.554511307088
1.841170,0.232580168076,-0.5928155107,-0.223060521768,1.41521061118,-0.872883784972,-1.14184263106,0.554433199383
1.851154,0.229487500509,-0.592171424375,-0.222261149519,1.4154456249,-0.874437659828,-1.144978773,0.55444231537
1.861138,0.226561874707,-0.591550080724,-0.221590880463,1.41545267697,-0.876067926592,-1.14809236339,0.554658358554
1.871122,0.22368313362,-0.590829502865,-0.220961729357,1.41536609769,-0.877474788963,-1.15115806268,0.554761506675
1.881106,0.220809720223,-0.590100524358,-0.220428935509,1.41527911056,-0.879133426078,-1.15425836273,0.554795590424
1.891090,0.217920928007,-0.589473092109,-0.219999877919,1.41520483169,-0.881045565646,-1.1574986561,0.554833888793
1.901074,0.215034186382,-0.588948118352,-0.219509518148,1.41505146389,-0.882942693248,-1.16086692868,0.554736284536
1.911058,0.212169472493,-0.58836625544,-0.218912577988,1.41476602615,-0.884858918966,-1.1642463363,0.554443173827
1.921041,0.209274346492,-0.587505385765,-0.218516019964,1.41448066822,-0.887132242445,-1.16755754403,0.554256679563
1.931025,0.20621920005,-0.586372251825,-0.218439323086,1.41438018424,-0.889317657571,-1.17086567251,0.554269027997
1.941009,0.20342813171,-0.585477451938,-0.21828358922,1.41434759961,-0.891197066187,-1.17406956445,0.554277224464
1.950993,0.200862037483,-0.584748426757,-0.217941170122,1.41423156801,-0.892914485499,-1.17728560137,0.554177730026
1.960977,0.198146240152,-0.58400877159,-0.217554049539,1.41392002786,-0.894263650028,-1.18053701194,0.554180721675
1.970961,0.195186850769,-0.58335703963,-0.217193534254,1.41376314797,-0.895700825551,-1.18359558631,0.554204269801
1.980945,0.192015634732,-0.582610557784,-0.216957169853,1.41369082231,-0.897394648422,-1.18658130791,0.554182741708
1.990929,0.188753298514,-0.581658414333,-0.216813932176,1.41346950119,-0.899314345155,-1.1897042507,0.55411282473
2.000913,0.185566854032,-0.580668187309,-0.216598458259,1.41311841214,-0.901364642106,-1.19294049148,0.55406318029
2.010897,0.182586605042,-0.579845483784,-0.216207314577,1.41293045586,-0.903347420884,-1.19604440198,0.554115878151
2.020881,0.179777410856,-0.578914262695,-0.21585803558,1.41291601808,-0.904876179192,-1.19898404707,0.554209702491
2.030865,0.176760482411,-0.577793807258,-0.215867315598,1.41276820326,-0.906223934846,-1.2018419891,0.554157972748
2.040849,0.173535276939,-0.57679366472,-0.216068271701,1.4123150629,-0.907836901437,-1.20456654654,0.554147029177
2.050833,0.170365136615,-0.575826110926,-0.216204398529,1.41175218879,-0.909324854469,-1.20712471789,0.554118626872
2.060817,0.167307505042,-0.574869329304,-0.216229082379,1.4113162447,-0.91067842102,-1.20973042721,0.554110314215
2.070801,0.164341399503,-0.573882648122,-0.216336399175,1.41106035467,-0.912104428095,-1.21248992564,0.554106532172
2.080784,0.161463097489,-0.572848710606,-0.216516456847,1.41104799265,-0.913521543385,-1.21535414939,0.554008915771
2.090768,0.158672675686,-0.571878618329,-0.216570103289,1.41124167119,-0.914789912017,-1.21822193068,0.553853661483
2.100752,0.155891471288,-0.571092612613,-0.216471085212,1.41137767124,-0.916019484513,-1.22101500401,0.553801094522
2.110736,0.152940212465,-0.570259655633,-0.216609868398,1.41115682617,-0.917325423619,-1.22364782148,0.553734347943
2.120720,0.14992932811,-0.569165688162,-0.216943024326,1.41064171814,-0.918515327891,-1.22620588142,0.553680795035
2.130704,0.14701117327,-0.568089380881,-0.217088910507,1.41009058309,-0.919744245724,-1.22884062173,0.553750821622
2.140688,0.144029784055,-0.567086401682,-0.217174250893,1.40981219891,-0.921062702018,-1.23156049872,0.55378427202
2.150672,0.140931715252,-0.56619946493,-0.217289918827,1.40971915045,-0.92218007934,-1.23435319267,0.553754074075
2.160656,0.137740047351,-0.565318697902,-0.217310552257,1.40958814326,-0.923135919759,-1.23701711226,0.553647581194
2.170640,0.134570953178,-0.564284516977,-0.217370355459,1.40930752918,-0.924199419574,-1.23934910392,0.553502734269
2.180624,0.131452447073,-0.563104763474,-0.217625865805,1.40895849091,-0.925458959932,-1.24137968137,0.553422379863
2.190608,0.128310015513,-0.56192163874,-0.217940770416,1.40868907695,-0.926740228858,-1.24333789278,0.553484189418
2.200592,0.125202620775,-0.560704141986,-0.218058748521,1.40848858039,-0.927962668871,-1.24532570278,0.553597377408
2.210576,0.122238036838,-0.559337629798,-0.218339506284,1.40819052829,-0.928948494886,-1.24723828673,0.5535988809
2.220560,0.119208230757,-0.558266645338,-0.218546468805,1.40758471643,-0.929944951356,-1.24907177243,0.553405125569
2.230544,0.116134813771,-0.557403338306,-0.218419412892,1.40687129522,-0.931182791534,-1.25078949551,0.553120124427
2.240528,0.113199348349,-0.556385637604,-0.218339899823,1.40603137257,-0.932497666794,-1.25236362216,0.553072899577
2.250511,0.11032897617,-0.555157690451,-0.218357994673,1.40503721999,-0.933925495665,-1.25383518081,0.55323411481
2.260495,0.107306707136,-0.553861637349,-0.218338997605,1.40399682026,-0.935514176237,-1.25530700908,0.553311593566
2.270479,0.104017790064,-0.552617950082,-0.218251126332,1.40301099364,-0.93726213191,-1.25677364357,0.553242948593
2.280463,0.10059464118,-0.551441010961,-0.218248354847,1.40208311899,-0.939195218429,-1.25810131716,0.55321101541
2.290447,0.0972948795084,-0.550299852135,-0.218469643142,1.40117100019,-0.94141711342,-1.2592360045,0.553170393769
2.300431,0.0940391131376,-0.549058585673,-0.218782696043,1.40012319454,-0.943804733701,-1.26040424646,0.55296057376
2.310415,0.0906584254747,-0.547501086931,-0.218892996506,1.39888961807,-0.946048341724,-1.26153226458,0.552850793407
2.320399,0.0873377427478,-0.545926805531,-0.218905528958,1.39764954047,-0.948239308529,-1.26263065659,0.552877849572
2.330383,0.0838690187411,-0.544558555065,-0.219111766304,1.39627605092,-0.950223522918,-1.26371847822,0.552865193937
2.340367,0.0801832301727,-0.543310385357,-0.219387325575,1.39463395366,-0.952260171434,-1.2646584552,0.55289156457
2.350351,0.0765569022765,-0.541912413166,-0.219561732007,1.3927139429,-0.95479618479,-1.26555031423,0.55303448937
2.360335,0.0732328709002,-0.540218420069,-0.219633539371,1.39060761645,-0.95777753999,-1.26657223544,0.553203922964
2.370319,0.0701183316483,-0.538394557026,-0.219728794754,1.38841969885,-0.960694827155,-1.26772534251,0.553253801362
2.380303,0.0668459408817,-0.536760107936,-0.219898820958,1.38617686489,-0.963283412713,-1.26882049184,0.553199242691
2.390287,0.0631412822918,-0.535190064954,-0.220016380839,1.38377091101,-0.965782951202,-1.26988695162,0.553115434773
2.400271,0.059193769734,-0.533406097653,-0.220242592899,1.38131273929,-0.968251604949,-1.27125358326,0.553094679103
2.410255,0.0554359657096,-0.531651931884,-0.220466441397,1.37896856659,-0.970728575403,-1.27280455918,0.55300527154
2.420238,0.051832730007,-0.530024440146,-0.220564712552,1.37659577492,-0.973338174188,-1.27430174536,0.552791808561
2.430222,0.0484015233352,-0.528299894986,-0.220567380297,1.37415778346,-0.975865273146,-1.27580738025,0.552681192142
2.440206,0.0449734391754,-0.526336959722,-0.220459831423,1.37176989706,-0.978278357167,-1.27749556032,0.55269508832
2.450190,0.0413845576939,-0.524245711081,-0.220315814899,1.36943087917,-0.980842569499,-1.27937424252,0.55275763675
2.460174,0.037625307455,-0.522190665513,-0.220263551344,1.36704873099,-0.983695647301,-1.28134533574,0.552808907859
2.470158,0.0337593420584,-0.520160039939,-0.220343369442,1.36462472618,-0.986506553543,-1.28344924765,0.552796979563
2.480142,0.0296627867676,-0.518179309452,-0.220539408611,1.36215281791,-0.989023684884,-1.28586015874,0.552652907921
2.490126,0.0257145913921,-0.516516812533,-0.220712697332,1.35953401397,-0.991425314847,-1.28847157315,0.552460602563
2.500110,0.0222457360341,-0.514902423189,-0.220877164981,1.35689489861,-0.993547421394,-1.29099534776,0.552334070596
2.510094,0.0187282776564,-0.51297321284,-0.220962310063,1.354342975,-0.995467664838,-1.2935200031,0.552385439883
2.520078,0.0151051305708,-0.510915799122,-0.221021857787,1.35191679847,-0.997344002103,-1.29620087678,0.552452377811
2.530062,0.0114738087737,-0.508981009718,-0.221163748003,1.34956470487,-0.999056859466,-1.2989897494,0.552363084921
2.540046,0.00780582543593,-0.507180452481,-0.22139764739,1.34724733868,-1.00050815476,-1.30181612892,0.55223060379
2.550030,0.00404481234633,-0.505371705591,-0.221655149594,1.34499280956,-1.00173724306,-1.30467371425,0.552330004577
2.560014,0.000271336085701,-0.503474192984,-0.22187557773,1.34287035566,-1.00283767433,-1.30757491829,0.552736859259
2.569998,-0.00345904576305,-0.501468064041,-0.221990209775,1.34089711689,-1.00390096109,-1.31050172545,0.553118535813
2.579982,-0.00717406507691,-0.499287025555,-0.221967749704,1.33882277233,-1.00515377372,-1.31353820752,0.552979786967
2.589965,-0.0106269867955,-0.497195560919,-0.221885451863,1.33651694492,-1.00627039961,-1.31673239357,0.552719638783
2.599949,-0.014162735467,-0.49508873371,-0.221823450136,1.33430611111,-1.00708344979,-1.31999644419,0.552638683145
2.609933,-0.0178033877308,-0.493039316232,-0.221840703697,1.33235362226,-1.00767723266,-1.32315262091,0.552497293813
2.619917,-0.0212424146677,-0.491133360639,-0.221949720863,1.33049461889,-1.00806198135,-1.32622528442,0.552247652601
2.629901,-0.0244015982764,-0.489320769666,-0.222072227762,1.32854269109,-1.00833543366,-1.32936421752,0.552071419332
2.639885,-0.0274694088132,-0.487449958539,-0.222180820859,1.32648974676,-1.00858685896,-1.33258287613,0.552094780711
2.649869,-0.0306244911215,-0.485399862914,-0.222368172223,1.32443411693,-1.0087836732,-1.33569961348,0.552210973138
2.659853,-0.0338641541699,-0.483174356812,-0.222654543383,1.3223241104,-1.00892534671,-1.33864886775,0.552277099969
2.669837,-0.0372138188875,-0.480868709209,-0.222773136932,1.32010257266,-1.00941952979,-1.34154100238,0.552367303218
2.679821,-0.0404173711676,-0.478479084061,-0.222820092574,1.31790218067,-1.00997942238,-1.34439032098,0.552471541877
2.689805,-0.0434664016254,-0.476116199107,-0.22295106731,1.31578306112,-1.01078847912,-1.34708867099,0.552429180655
2.699789,-0.0465464043219,-0.474043619871,-0.223033921331,1.3137900419,-1.01193582062,-1.34964911193,0.552304046038
2.709773,-0.0498049790109,-0.472292322653,-0.223081231908,1.31200731366,-1.01326041959,-1.35210404518,0.552231839683
2.719757,-0.0531233982675,-0.470606473544,-0.223171040258,1.31032146965,-1.01456147048,-1.35443328923,0.552201375208
2.729741,-0.0563090800331,-0.468736965158,-0.223276783457,1.30850346696,-1.01571372835,-1.35660169672,0.552168759165
2.739725,-0.0593639783874,-0.466674068547,-0.223295963592,1.30643339907,-1.01672237516,-1.35858989738,0.552210906787
2.749709,-0.0624882908268,-0.464573279672,-0.223296925037,1.30422146141,-1.01773645115,-1.36037187243,0.552449143512
2.759692,-0.0656297467721,-0.462532881802,-0.223508055427,1.30200519485,-1.0189019045,-1.36197896251,0.552642638357
2.769676,-0.068588747392,-0.460797197719,-0.223776608985,1.29971028591,-1.02012069682,-1.36330865621,0.552684632666
2.779660,-0.0713680327059,-0.4593040448,-0.223878662981,1.29720734515,-1.0211930918,-1.36434524252,0.552622421824
2.789644,-0.0740387417811,-0.457690824433,-0.223986901645,1.2946917784,-1.02234579474,-1.36515834219,0.552424270667
2.799628,-0.076909993935,-0.455902495155,-0.224172216584,1.29225271599,-1.02363298971,-1.36580647023,0.552276073248
2.809612,-0.0801336417879,-0.454173775836,-0.224320562494,1.28992608714,-1.02481636787,-1.36641905983,0.552211041452
2.819596,-0.0835068485045,-0.452573662672,-0.224287399123,1.28780915039,-1.02581361682,-1.36705302478,0.552154427967
2.829580,-0.0866943246069,-0.450884537887,-0.224085346366,1.28588713272,-1.02681450257,-1.36764298676,0.552074459477
2.839564,-0.0896540838294,-0.448997150732,-0.223927899035,1.28378611388,-1.02790511756,-1.36811581666,0.551996454286
2.849548,-0.0925615142519,-0.447236069564,-0.224005715655,1.28134146735,-1.02901619409,-1.36839397178,0.551806069255
2.859532,-0.0955548993105,-0.445686398612,-0.224082314808,1.27901842737,-1.03046131051,-1.36832481443,0.551652978104
2.869516,-0.0986701523109,-0.444006225059,-0.224211478423,1.27694356679,-1.03187899967,-1.36819534785,0.551617503009
2.879500,-0.101772677001,-0.44214228466,-0.224475444954,1.2750421731,-1.03315882538,-1.36804200651,0.551613726924
2.889484,-0.104702306127,-0.440345531577,-0.224699856014,1.27298573592,-1.03435066849,-1.36784533488,0.551656624472
2.899468,-0.107555700763,-0.438802895565,-0.224765711045,1.27071911985,-1.03552963745,-1.36763740208,0.55173652039
2.909452,-0.110463566219,-0.437380893692,-0.224709214479,1.26837693225,-1.03683076167,-1.36747373132,0.551850119367
2.919435,-0.113419995411,-0.435792538376,-0.224662402798,1.26602520591,-1.03824270603,-1.36738074527,0.55198292079
2.929419,-0.116394611311,-0.433977091392,-0.224736035976,1.26359359221,-1.03943473566,-1.36733618959,0.552046659499
2.939403,-0.119635904195,-0.432096069621,-0.22497061408,1.26122664766,-1.04034439269,-1.3672936762,0.551939407058
2.949387,-0.123011655705,-0.43023586382,-0.225146603166,1.25888241273,-1.04127314735,-1.36731934852,0.551833489879
2.959371,-0.126196732535,-0.428665021873,-0.225105150852,1.25662270682,-1.04231357466,-1.36758874934,0.551749054279
2.969355,-0.129295737422,-0.427265000584,-0.224925711384,1.25440452843,-1.04343954537,-1.36809289624,0.551728329258
2.979339,-0.132231884514,-0.425853880959,-0.224711065002,1.25211582162,-1.04438277087,-1.36869127377,0.55178973221
2.989323,-0.13517982399,-0.424367225107,-0.224627843032,1.24969703394,-1.04509859119,-1.36940478023,0.551899995242
2.999307,-0.138439910923,-0.422704499152,-0.224735451381,1.24714014539,-1.04575457786,-1.37028639135,0.551960274855
3.009291,-0.141999437088,-0.420803162378,-0.224918645304,1.24449271191,-1.04639214525,-1.37128625712,0.551846951914
3.019275,-0.145383367827,-0.418840942822,-0.225007548023,1.24187404148,-1.04678637504,-1.37229893802,0.551564954618
3.029259,-0.148377162839,-0.417149162073,-0.225012928946,1.23945115396,-1.04700600872,-1.37340865736,0.551484921004
3.039243,-0.151374587467,-0.415467487086,-0.225109449774,1.23732332018,-1.04700149999,-1.37489648448,0.55167584409
3.049227,-0.154629656543,-0.41359156316,-0.225333951325,1.23511228103,-1.04680997406,-1.3768668926,0.551663780938
3.059211,-0.157877119317,-0.411918207815,-0.225547610407,1.23279699658,-1.04720432964,-1.37907514599,0.551442963174
3.069195,-0.160866138762,-0.410505690443,-0.225672346276,1.23051917076,-1.04807929379,-1.38143145283,0.551385300281
3.079179,-0.163664782004,-0.409222434368,-0.225627587287,1.22830058977,-1.04871257101,-1.38385752087,0.551519666951
3.089162,-0.166525636559,-0.407819319704,-0.225431041587,1.22606346212,-1.04878968944,-1.38625860832,0.551571937645
3.099146,-0.169535429965,-0.406107652671,-0.225212832998,1.22369645159,-1.04855864662,-1.38858641414,0.551447794105
3.109130,-0.172501124473,-0.404161345798,-0.225127233152,1.2211787305,-1.04827046816,-1.3908506424,0.551430777721
3.119114,-0.17537406657,-0.402364045309,-0.225218936337,1.21874414993,-1.04773384398,-1.39298661961,0.551572444352
3.129098,-0.178467057555,-0.40092131445,-0.22523528881,1.21648589415,-1.04713109889,-1.39504188808,0.551476467543
3.139082,-0.181614222158,-0.399599677287,-0.225119939639,1.21414366258,-1.04690400695,-1.39717600015,0.551343217325
3.149066,-0.184486442212,-0.398188918104,-0.225236420103,1.21178954488,-1.04688946339,-1.39911440636,0.551387685191
3.159050,-0.187250512747,-0.396755133393,-0.225494743098,1.20945682584,-1.04700214895,-1.40085046026,0.551506447385
3.169034,-0.19014643415,-0.395343762433,-0.225764153438,1.20717512447,-1.04725952082,-1.40263828007,0.551605984461
3.179018,-0.193026965047,-0.393889643086,-0.226038723363,1.20496157223,-1.04759688932,-1.40453354524,0.551674875459
3.189002,-0.195621569607,-0.392365597909,-0.226327732328,1.20281815144,-1.04790601028,-1.40637890525,0.551727377553
3.198986,-0.197994046419,-0.39087201991,-0.226533327187,1.20077565928,-1.04815587259,-1.40800651827,0.551727841577
3.208970,-0.200564385424,-0.389479226121,-0.226541319851,1.19893178439,-1.04838986524,-1.40931638445,0.551601509646
3.218954,-0.203595767914,-0.388214226626,-0.226418679303,1.19708203811,-1.04853578617,-1.4102435446,0.551410380405
3.228938,-0.206734009856,-0.386986904674,-0.226336508906,1.19510349454,-1.04858344735,-1.41088046979,0.551260340584
3.238922,-0.209524348746,-0.385687277307,-0.226335964606,1.19317999555,-1.04855200819,-1.41136767628,0.551228383022
3.248906,-0.212139343747,-0.384508377316,-0.22628166978,1.1912995618,-1.04860983801,-1.41175593456,0.55124927875
3.258889,-0.214736621051,-0.383532945433,-0.226134687166,1.18951415116,-1.04877605731,-1.41198789832,0.551217614677
3.268873,-0.217279564936,-0.382609338466,-0.226119878242,1.18779647983,-1.04891627208,-1.41196609184,0.551182458939
3.278857,-0.219715842869,-0.381542675302,-0.226380713979,1.18601135466,-1.04896401712,-1.41164137431,0.551229256977
3.288841,-0.22211273243,-0.380286293885,-0.226713970832,1.18404870238,-1.04901696044,-1.41109799608,0.551316718111
3.298825,-0.224551369185,-0.378928752978,-0.226787775839,1.18199898459,-1.04915556883,-1.410552153,0.551314988718
3.308809,-0.227077031993,-0.37757526714,-0.226702576862,1.18001951014,-1.04926234972,-1.41002880929,0.551324882716
3.318793,-0.229556801735,-0.376312086002,-0.226750916076,1.17811112981,-1.04916805542,-1.40925888989,0.551436324581
3.328777,-0.232002547732,-0.375099187104,-0.226823735366,1.17618516511,-1.04901785888,-1.40832635946,0.551433890611
3.338761,-0.234530862453,-0.373842702981,-0.226745730865,1.17419803485,-1.048784369,-1.40742975307,0.551376434537
3.348745,-0.236921691601,-0.372403339326,-0.226595001661,1.17214520901,-1.04853349186,-1.40660736634,0.551387138713
3.358729,-0.23914203288,-0.370829054291,-0.226546660688,1.17005462764,-1.04834367912,-1.4057336749,0.551436092149
3.368713,-0.241450723395,-0.369275828405,-0.226677688496,1.16794075905,-1.04808995058,-1.40477086873,0.55142347406
3.378697,-0.244058419701,-0.367820087984,-0.226929000941,1.16582482013,-1.04760460306,-1.40380452275,0.551329275764
3.388681,-0.246750705724,-0.36639909708,-0.22722357847,1.16378474924,-1.04709485168,-1.40276201991,0.551244724532
3.398665,-0.249312396042,-0.365099782009,-0.227511834313,1.16182096944,-1.04691571041,-1.40119414652,0.55120739253
3.408649,-0.251829147439,-0.364111682336,-0.227706731664,1.15968727514,-1.04690500802,-1.39927037719,0.55113267168
3.418633,-0.25423029848,-0.363225351522,-0.227794771079,1.15754416165,-1.04694304592,-1.39759465155,0.551112654422
3.428616,-0.25656308235,-0.362090559736,-0.227695916999,1.15549053386,-1.04695325986,-1.39585133004,0.551151846332
3.438600,-0.25895122722,-0.360731354095,-0.227469721394,1.15338685783,-1.0468313077,-1.39378280229,0.551176486177
3.448584,-0.261449807606,-0.359336252405,-0.227282902335,1.15121690148,-1.04663157514,-1.39158615435,0.551199639407
3.458568,-0.264049501805,-0.357901933159,-0.227222358703,1.14898952085,-1.04643518129,-1.38952560572,0.55120905362
3.468552,-0.266712043401,-0.356319489233,-0.227235220515,1.14664122699,-1.04621118933,-1.3876323057,0.551130937304
3.478536,-0.269409265132,-0.354733226087,-0.227257868638,1.14411699963,-1.04587260806,-1.38577523523,0.550943587268
3.488520,-0.272197419964,-0.353424983373,-0.227396808449,1.14154805975,-1.04558564203,-1.38387873133,0.550776724116
3.498504,-0.274909212101,-0.352146207983,-0.227663511151,1.13905747514,-1.04542466048,-1.38177994917,0.550703925954
3.508488,-0.277460997287,-0.350565965861,-0.227810474346,1.13663948995,-1.04516285173,-1.37961836925,0.55078687705
3.518472,-0.279969157641,-0.348931545307,-0.227913294099,1.13418169687,-1.04497777979,-1.37747497257,0.550975327132
3.528456,-0.282497684905,-0.347366188559,-0.227955718781,1.13155625398,-1.04501731742,-1.37525136012,0.55110083033
3.538440,-0.285006581341,-0.345851622487,-0.227912244857,1.1287318643,-1.04523289417,-1.37295206305,0.551017434147
3.548424,-0.287350015328,-0.344310516821,-0.227861234084,1.12581499271,-1.04548724429,-1.37069385729,0.550836685673
3.558408,-0.289501313984,-0.342651039622,-0.22787591965,1.1229417891,-1.04569547069,-1.36854913053,0.550820475403
3.568392,-0.291715905256,-0.340859844878,-0.227875281599,1.1201377445,-1.04587019018,-1.36642995809,0.551004639683
3.578376,-0.294210902593,-0.339247995736,-0.227783566156,1.11732357208,-1.04603353637,-1.36422753698,0.550946974438
3.588360,-0.296788986929,-0.337923007549,-0.227871222864,1.11417431224,-1.04629176363,-1.36195080322,0.550568378745
3.598343,-0.299332577442,-0.33651681564,-0.228190159987,1.11073198933,-1.04676748135,-1.35970106412,0.550428248798
3.608327,-0.301813625162,-0.334981859624,-0.228440326375,1.10750203559,-1.04719814217,-1.35753311518,0.55039404303
3.618311,-0.304238082441,-0.333375413066,-0.228450175679,1.10449648914,-1.04753723466,-1.35546220116,0.550366460942
3.628295,-0.306674144129,-0.331780337077,-0.228400126294,1.10155825034,-1.04775964106,-1.35339011119,0.550477154364
3.638279,-0.309120185584,-0.330178314667,-0.22850450575,1.09855507959,-1.04776061675,-1.35124435506,0.550742678707
3.648263,-0.311487334787,-0.32844112829,-0.22874332562,1.09537902262,-1.04757705426,-1.34912845623,0.551010042381
3.658247,-0.31373232724,-0.326492082926,-0.228907211669,1.09193870106,-1.04748801645,-1.34729314507,0.551167186362
3.668231,-0.316039113134,-0.324548702569,-0.22896294611,1.08833971136,-1.04760024436,-1.34584437105,0.551294628278
3.678215,-0.318687438827,-0.322871283452,-0.22906583008,1.08499510207,-1.04798218177,-1.34454880279,0.55130712679
3.688199,-0.321453840337,-0.321141005928,-0.229158839993,1.08189841817,-1.04854678963,-1.34300879461,0.551060457239
3.698183,-0.324058503608,-0.319297730159,-0.229123348036,1.07859470084,-1.04891447815,-1.3413963774,0.550811048463
3.708167,-0.326551102592,-0.317375553811,-0.229017731601,1.07508478769,-1.04905258735,-1.34013399346,0.550832454126
3.718151,-0.328981184302,-0.315448751707,-0.228934675866,1.07142424826,-1.04913942256,-1.33924291026,0.55090777315
3.728135,-0.331295964141,-0.313595644806,-0.228926909758,1.06762178588,-1.04934193506,-1.33845132519,0.550719453207
3.738119,-0.333551976244,-0.311746550468,-0.229004276336,1.06379037604,-1.04968649965,-1.33757272987,0.55037062286
3.748103,-0.336020551566,-0.309741927676,-0.229164100935,1.06014970813,-1.05006385586,-1.33672016612,0.550334503435
3.758086,-0.338873229741,-0.307693722968,-0.229391732038,1.05668299901,-1.05031668685,-1.33612055142,0.550685064152
3.768070,-0.341717903444,-0.305765957074,-0.229505532373,1.05313218699,-1.05017648,-1.3358980419,0.551076071357
3.778054,-0.344462611013,-0.303850383852,-0.229464122019,1.0494723319,-1.04997945817,-1.3359351103,0.55106648496
3.788038,-0.3473073641,-0.301881340009,-0.229487680071,1.04586428282,-1.05003238526,-1.33596748771,0.550757216613
3.798022,-0.350070444196,-0.299953504507,-0.229588811911,1.0423917457,-1.05024194121,-1.33598180437,0.550614551181
3.808006,-0.35270742428,-0.29807160899,-0.22973124453,1.03901772833,-1.05046870318,-1.33607559787,0.550625943972
3.817990,-0.355309519504,-0.296139756171,-0.229841349919,1.0356948069,-1.05071962375,-1.33621227364,0.55058745118
3.827974,-0.357936099304,-0.294081018931,-0.229891379489,1.03235076643,-1.05107694397,-1.33632836714,0.550488594307
3.837958,-0.36052282389,-0.291946681659,-0.229962791533,1.02890090908,-1.05152100203,-1.33641307463,0.550512915351
3.847942,-0.362982347152,-0.289903193259,-0.23017721845,1.02534853742,-1.05186251393,-1.33638968992,0.550647564942
3.857926,-0.365386826023,-0.28805438758,-0.230360998874,1.02177062204,-1.05204189571,-1.33623061268,0.550696964507
3.867910,-0.367967013687,-0.286428663743,-0.23023634172,1.01817392515,-1.0522140229,-1.33643537969,0.550633456722
3.877894,-0.370776028366,-0.284711860352,-0.229841541546,1.01483413394,-1.05207588851,-1.33678929867,0.550601448184
3.887878,-0.3735450236,-0.282644046922,-0.229587596789,1.01169448345,-1.0516616627,-1.33683360482,0.55063131753
3.897862,-0.376127141455,-0.280484550138,-0.229502144022,1.00856413326,-1.05145198854,-1.33666972398,0.550610662084
3.907846,-0.378670542984,-0.278525506313,-0.229498948204,1.00537420388,-1.0517516422,-1.33654805456,0.550563490089
3.917830,-0.381300085862,-0.276745955019,-0.229589441278,1.0020860399,-1.05237138256,-1.33657399054,0.55057140984
3.927813,-0.383955263722,-0.274944975474,-0.229814976388,0.998714825969,-1.05280423024,-1.33666228621,0.550622446246
3.937797,-0.386569968067,-0.273155197447,-0.230054805445,0.995500136566,-1.05276078159,-1.33667732862,0.550605229179
3.947781,-0.38915237411,-0.271539517993,-0.230272384355,0.992673526212,-1.05259435887,-1.33652747514,0.550515506069
3.957765,-0.391570266749,-0.269989904801,-0.230349842882,0.989730224239,-1.05307229288,-1.33597313711,0.550217050812
3.967749,-0.394084028945,-0.268389610764,-0.230326797513,0.986762080514,-1.05377657598,-1.33537751004,0.549922957821
3.977733,-0.396611929046,-0.266792965248,-0.230057596252,0.984033895656,-1.0542628919,-1.33496461373,0.549993129908
3.987717,-0.399007606428,-0.265286546388,-0.229762244637,0.981444185435,-1.05450493787,-1.33464084152,0.550240296769
3.997701,-0.401301697679,-0.263997563278,-0.229746817186,0.978895413615,-1.05460457481,-1.33440134691,0.550453129302
4.007685,-0.403609490709,-0.262805260371,-0.230005915868,0.976400496004,-1.05473123803,-1.33428206132,0.550616759264
4.017669,-0.406028152061,-0.261437711721,-0.23028424309,0.974048956856,-1.05502577745,-1.33420264596,0.550735390812
4.027653,-0.408635471161,-0.25987300493,-0.230477517317,0.971900259104,-1.05543598748,-1.33394963706,0.550631302929
4.037637,-0.411512855355,-0.258365906354,-0.230708529305,0.969834306234,-1.05565756435,-1.33343011894,0.550379506408
4.047621,-0.414365809652,-0.256858537688,-0.230788844045,0.967561254563,-1.05585899455,-1.33277013761,0.550294321106
4.057605,-0.417189654877,-0.255559799552,-0.2308574461,0.965298637087,-1.05647283291,-1.33228194286,0.550324019982
4.067589,-0.41989096942,-0.254641145933,-0.231009295197,0.963232084069,-1.0572479527,-1.33209407217,0.550323108311
4.077573,-0.422236295701,-0.253876697267,-0.23104071912,0.961351858038,-1.05795447106,-1.3320914775,0.550213772925
4.087557,-0.424366084967,-0.252993897353,-0.23098900992,0.959556957095,-1.05858165929,-1.33206315169,0.550078951247
4.097540,-0.426608579885,-0.251874762058,-0.230998055286,0.957728550357,-1.0592090358,-1.33200496674,0.55002282508
4.107524,-0.429129019642,-0.25058371505,-0.231117971752,0.955820516436,-1.05987538881,-1.33209346413,0.550084522612
4.117508,-0.431769968894,-0.249270544214,-0.231250709946,0.953931868256,-1.06061183007,-1.33237538115,0.550258559523
4.127492,-0.434297784928,-0.248044067087,-0.231248967855,0.95229406197,-1.06162495916,-1.33253522297,0.550534196883
4.137476,-0.43685089601,-0.246757295722,-0.231025302224,0.951167465507,-1.06258500789,-1.33245861169,0.550595480439
4.147460,-0.439632301985,-0.245579331986,-0.230795345961,0.949871478998,-1.06369262792,-1.33241439331,0.550420311083
4.157444,-0.442346062255,-0.244555524072,-0.230701635642,0.948216397942,-1.0650639043,-1.33250838104,0.550339200573
4.167428,-0.44501376034,-0.243507638968,-0.230740854228,0.946646186619,-1.06612929896,-1.33266397434,0.55040869827
4.177412,-0.44770199431,-0.242359255167,-0.230820180272,0.945352383886,-1.06717731196,-1.33269506669,0.550415078398
4.187396,-0.450340957072,-0.241252889363,-0.230812681188,0.944340962464,-1.06842253287,-1.33258299073,0.55037348388
4.197380,-0.452862124945,-0.240422339676,-0.230696660003,0.943543609755,-1.06955192246,-1.33244765645,0.550487468095
4.207364,-0.455356768005,-0.239866762143,-0.230646373844,0.942819418701,-1.07021264746,-1.33236832005,0.550756250133
4.217348,-0.457925344198,-0.239060937708,-0.230905799711,0.941930678185,-1.07082504237,-1.33235305907,0.550822186773
4.227332,-0.460746879618,-0.237738201463,-0.23132251489,0.940744245733,-1.07132450833,-1.33231541126,0.55069568803
4.237316,-0.463311483651,-0.236429731306,-0.231535442932,0.939580857145,-1.07194225484,-1.33237950565,0.550493940804
4.247300,-0.465476517141,-0.235202957293,-0.231559767933,0.938722401114,-1.07285033692,-1.33259596966,0.550346264013
4.257284,-0.467607338752,-0.234138618858,-0.23146937342,0.937951653527,-1.07368689785,-1.33284807958,0.550361391503
4.267267,-0.469974128347,-0.23320853016,-0.231335502857,0.937176007799,-1.0744012197,-1.33324688431,0.550389495885
4.277251,-0.472585376108,-0.232326736505,-0.231281413182,0.93644975149,-1.07513450627,-1.33393623704,0.550384603366
4.287235,-0.475245267132,-0.231457064095,-0.231332528512,0.935752818666,-1.07594897379,-1.33481091221,0.550405665554
4.297219,-0.477774182006,-0.230617954508,-0.231350443098,0.934989192883,-1.07674880914,-1.33558210166,0.550460574469
4.307203,-0.480252942968,-0.229751263573,-0.23125705164,0.934332806885,-1.07750558546,-1.33627111095,0.550488952023
4.317187,-0.482913441226,-0.228847536706,-0.231172860835,0.933855214339,-1.07844317808,-1.33719225868,0.550333026483
4.327171,-0.485844980709,-0.228012422443,-0.231010659733,0.933369906896,-1.0796029241,-1.33840494062,0.550091253304
4.337155,-0.488710197289,-0.227046002119,-0.231040400369,0.932890227031,-1.08066719127,-1.33961078289,0.550032478907
4.347139,-0.491547000605,-0.225928333317,-0.231325864697,0.932385064636,-1.08193899018,-1.3408505039,0.550139105425
4.357123,-0.49428219178,-0.224848020095,-0.231535038451,0.931819064937,-1.08343632965,-1.34217106587,0.550302016752
4.367107,-0.496992383736,-0.223979213803,-0.231521609864,0.931228760256,-1.08485784196,-1.34363696817,0.55045769682
4.377091,-0.49975490793,-0.223304096104,-0.231409015593,0.930722284718,-1.08619448165,-1.34525146009,0.55057590519
4.387075,-0.502487444572,-0.222695540237,-0.231296690811,0.930323126583,-1.08770633656,-1.34699309851,0.55060602842
4.397059,-0.505082502807,-0.222154117857,-0.231039226329,0.929815999332,-1.08908546487,-1.34895532515,0.550485699753
4.407043,-0.507693958038,-0.221479835391,-0.230934373402,0.929226914321,-1.09001150724,-1.3510295086,0.550252028929
4.417027,-0.510304506909,-0.220587469087,-0.231132194947,0.928901752228,-1.09121301387,-1.353027127,0.55007099839
4.427011,-0.513058669852,-0.219837194232,-0.231398748051,0.928596352398,-1.09245662149,-1.35525205683,0.550098607956
4.436994,-0.515701642763,-0.219169159718,-0.231754589244,0.928300851291,-1.09357833603,-1.35776779811,0.550227622027
4.446978,-0.518223931989,-0.218541128991,-0.232019156597,0.928117808429,-1.0947521435,-1.36028267595,0.550325787103
4.456962,-0.520824161815,-0.217956145533,-0.232027315446,0.928127013892,-1.09603643757,-1.3628025256,0.55031754839
4.466946,-0.523625209847,-0.217461278006,-0.231872635797,0.928277834303,-1.09721256171,-1.3654849207,0.550195951059
4.476930,-0.52653353926,-0.217068893203,-0.231838360546,0.928425782798,-1.09810985892,-1.36835214348,0.550019785812
4.486914,-0.529367204986,-0.216673182405,-0.232046601321,0.928530161859,-1.09899890794,-1.37127532119,0.549903089216
4.496898,-0.532042999541,-0.216192370642,-0.232293025334,0.92890924349,-1.09996162212,-1.37419175459,0.549942164142
4.506882,-0.534916551999,-0.215564468076,-0.23255691226,0.929274459326,-1.10055013332,-1.37728892214,0.550162580655
4.516866,-0.53770478332,-0.214885598821,-0.232696416309,0.929188332128,-1.10109723937,-1.38072271017,0.550216557573
4.526850,-0.540199493831,-0.214299696706,-0.232804604649,0.928949249487,-1.10163808496,-1.38418175422,0.550141898343
4.536834,-0.542833350953,-0.213786442394,-0.232997818594,0.928822177658,-1.10233371058,-1.38757968735,0.550086985031
4.546818,-0.545784135756,-0.213208126989,-0.233252496825,0.928795718666,-1.10296374709,-1.39109527945,0.550036459727
4.556802,-0.548797538428,-0.212606730841,-0.233461257092,0.928866584149,-1.10326272251,-1.39471846929,0.549961828402
4.566786,-0.551668058871,-0.212070120421,-0.233578131276,0.929073388829,-1.10332085298,-1.39820231316,0.54993550482
4.576770,-0.554655571774,-0.211418059586,-0.233701270565,0.929262750875,-1.10350035156,-1.40147444167,0.550035006306
4.586754,-0.557750400694,-0.210619110952,-0.233946584085,0.929175787728,-1.1036419721,-1.40486861553,0.550127148918
4.596737,-0.560845016584,-0.20988998015,-0.234235462743,0.929229338111,-1.10377674337,-1.40865739684,0.549958144644
4.606721,-0.563869165767,-0.20928488466,-0.234514316166,0.929406506718,-1.10409746366,-1.41246107261,0.549776551112
4.616705,-0.566726385721,-0.208670484764,-0.234875313664,0.929377095894,-1.10453536547,-1.41594433473,0.54969583778
4.626689,-0.56957227088,-0.208013856721,-0.235203866527,0.929238879657,-1.10494949831,-1.41923934786,0.549778615425
4.636673,-0.57239534473,-0.207488270066,-0.235381227363,0.929178433082,-1.1053108112,-1.42242852653,0.549951087513
4.646657,-0.575149697647,-0.207178953339,-0.235544381302,0.929237584264,-1.10562971536,-1.42546690847,0.549983032238
4.656641,-0.577933142752,-0.206917163302,-0.235917814344,0.929334270677,-1.10595901644,-1.42831537434,0.54982423274
4.666625,-0.580931829973,-0.206472395681,-0.236428205296,0.929388060579,-1.10646883009,-1.43100449631,0.549807129093
4.676609,-0.584062887045,-0.206035330485,-0.236659938931,0.929286076279,-1.10740614042,-1.43340816852,0.55003762027
4.686593,-0.58722035368,-0.205590181544,-0.236575863007,0.929032622002,-1.10847650931,-1.43556669646,0.550114759753
4.696577,-0.590298441734,-0.204968368536,-0.236554555063,0.928881125828,-1.10965454312,-1.43760174718,0.549972782486
4.706561,-0.59331490752,-0.204400667421,-0.236524401673,0.928739255884,-1.11092251998,-1.43946439139,0.549755154245
4.716545,-0.596317387565,-0.203999789511,-0.236492825523,0.928665147631,-1.11189725523,-1.44104678589,0.549633251856
4.726529,-0.599371835529,-0.203777654492,-0.236526658435,0.928725665548,-1.11282902518,-1.44237520523,0.549672711968
4.736513,-0.602471746984,-0.203646586239,-0.236561120834,0.928896254016,-1.11404588347,-1.44343428054,0.54979724063
4.746497,-0.605509983426,-0.203514054732,-0.236531069368,0.929030846597,-1.11561008578,-1.44417349844,0.549950010504
4.756481,-0.608403328247,-0.203362108522,-0.236542549634,0.928990583714,-1.11752350395,-1.4446846576,0.550125741404
4.766464,-0.611319958477,-0.203199728004,-0.236686043238,0.928902047667,-1.12012222235,-1.44529055434,0.550068523266
4.776448,-0.61429794332,-0.20309748682,-0.236720037742,0.928850102548,-1.12269442507,-1.44576984021,0.549835186939
4.786432,-0.61742149806,-0.20311220138,-0.236581701812,0.928733647464,-1.12501493834,-1.44601879242,0.549835402104
4.796416,-0.62055728548,-0.202936117546,-0.236484401224,0.928688146328,-1.12758953956,-1.44636041661,0.550023800091
4.806400,-0.623566574963,-0.202679648502,-0.236498608168,0.928707375208,-1.13023721084,-1.44664246575,0.550046890132
4.816384,-0.62647355208,-0.202578691359,-0.236543948492,0.928655049355,-1.13286084883,-1.44667673166,0.549805279406
4.826368,-0.629418738979,-0.202587929391,-0.236529907786,0.928551189752,-1.13542751291,-1.4465110849,0.549499633174
4.836352,-0.632389821316,-0.202589315174,-0.236466125191,0.928535346103,-1.1380097764,-1.44638301602,0.549414089525
4.846336,-0.635105623696,-0.202662131551,-0.23641857921,0.928677908254,-1.14062576034,-1.44645720738,0.549613485739
4.856320,-0.637333920672,-0.202889633253,-0.236342261027,0.928907680846,-1.1428734296,-1.44660526425,0.549797200457
4.866304,-0.639527106949,-0.203041165271,-0.236251225036,0.929139250503,-1.14478673893,-1.44675347524,0.549788660055
4.876288,-0.642915690075,-0.202812819847,-0.236373652621,0.929158438152,-1.14799625606,-1.44685339822,0.549780169967
4.886272,-0.646683457177,-0.202584865248,-0.236352378249,0.929116091346,-1.15170332773,-1.44700697165,0.549762364176
4.896256,-0.649891477196,-0.202670162077,-0.236343503997,0.929012265871,-1.15480260722,-1.44735271677,0.549706083508
4.906240,-0.6530316031,-0.202988106025,-0.236360149002,0.928941298006,-1.1575033584,-1.44783330349,0.549616663528
4.916224,-0.656269630074,-0.203233407034,-0.236309448192,0.928937252651,-1.1600880284,-1.44835932417,0.549558026425
4.926208,-0.6593740399,-0.203267683211,-0.236285891232,0.928892283137,-1.16253543807,-1.44903161209,0.549578716408
4.936191,-0.662298385956,-0.203243620503,-0.236486027904,0.928709463692,-1.16469925622,-1.44994452774,0.549669263849
4.946175,-0.665283484152,-0.20329864558,-0.236749754198,0.92857128351,-1.1665356701,-1.45073599513,0.549802690181
4.956159,-0.668400981297,-0.203293242516,-0.237067682108,0.928725825361,-1.16837375093,-1.45135480756,0.549913614168
4.966143,-0.671460055422,-0.203029359553,-0.237267961683,0.92900449759,-1.17004169688,-1.4524183378,0.549895536458
4.976127,-0.674234255695,-0.202905964368,-0.237176200021,0.929226077678,-1.17138891415,-1.45354051904,0.549896491962
4.986111,-0.676866849015,-0.203055867741,-0.236904882258,0.929386441555,-1.17281412189,-1.45461471012,0.549874816018
4.996095,-0.679670664726,-0.203248583299,-0.236614741637,0.929470721234,-1.17436259434,-1.45577469363,0.549821565938
5.006079,-0.682641152622,-0.203276583586,-0.236436753316,0.929489578384,-1.1759225216,-1.45711737862,0.549700401336
5.016063,-0.685601880601,-0.203172001722,-0.236401761399,0.929555263151,-1.17735082327,-1.45858250785,0.549554152781
5.026047,-0.688464790228,-0.203118971336,-0.236446684837,0.929656298657,-1.17864285868,-1.4600562521,0.549499044031
5.036031,-0.691259933299,-0.203193274672,-0.236483816177,0.929448394562,-1.18002075735,-1.46154073071,0.549579737356
5.046015,-0.693906325384,-0.20334253578,-0.236412915092,0.92917544824,-1.1814702325,-1.46299256855,0.549802691837
5.055999,-0.696438361445,-0.203628096992,-0.236525606007,0.929325723202,-1.1825677648,-1.46429947633,0.549956823204
5.065983,-0.698843509464,-0.203713923531,-0.236723647804,0.929418721018,-1.18376036112,-1.46575623264,0.549841373507
5.075967,-0.701067116378,-0.203570769288,-0.236781137528,0.92961218146,-1.18510361457,-1.46714480477,0.549605593382
5.085951,-0.703232305116,-0.203317596599,-0.236733737283,0.929721639358,-1.18620778791,-1.46845939395,0.54954438706
5.095935,-0.705535822818,-0.203151194302,-0.236633473481,0.929516353708,-1.18695765468,-1.46967200293,0.549520090112
5.105918,-0.708001811716,-0.203192686714,-0.236559921442,0.929078195302,-1.18756841002,-1.47078511819,0.549373308079
5.115902,-0.710466888247,-0.203346132182,-0.236616255977,0.928833657016,-1.18828509376,-1.47184789744,0.549231491235
5.125886,-0.712771119984,-0.203369632966,-0.236806495765,0.929119610263,-1.18906300211,-1.47285552713,0.549322765959
5.135870,-0.714826797781,-0.203370743364,-0.236867145277,0.929438741534,-1.18957615449,-1.47366544829,0.549531812436
5.145854,-0.716885999455,-0.203551296125,-0.237105931871,0.929400127129,-1.19018671861,-1.47437824571,0.549713926747
5.155838,-0.718892230751,-0.203452531134,-0.237540132301,0.929256963662,-1.19115283275,-1.47509501506,0.549639580566
5.165822,-0.720668840742,-0.2033573039,-0.237713889978,0.929173601603,-1.19208024984,-1.47564287962,0.54949506626
5.175806,-0.722423718149,-0.203344668755,-0.237723427107,0.929224701038,-1.19279503098,-1.47610048194,0.549496686769
5.185790,-0.724216015883,-0.203365340231,-0.237883237785,0.929364801151,-1.19333595333,-1.47652400604,0.549585052085
5.195774,-0.725864038937,-0.203357089512,-0.238308638866,0.929442524839,-1.19381863248,-1.47696469511,0.549677004996
5.205758,-0.727272313227,-0.203293459437,-0.238895931459,0.929432061849,-1.19437001061,-1.47746602621,0.549736376278
5.215742,-0.728717499113,-0.20320482796,-0.23953940757,0.92952299591,-1.19504227853,-1.47803967822,0.549681619448
5.225726,-0.730506883811,-0.203253890898,-0.240151387287,0.92962002638,-1.19555274264,-1.47873962028,0.54949741538
5.235710,-0.732371640925,-0.203515389621,-0.240991933342,0.929370858688,-1.19559751063,-1.4797618156,0.549722157228
5.245694,-0.733885568532,-0.203567469266,-0.242057490028,0.929202099874,-1.1956893229,-1.48078338629,0.549826090426
5.255678,-0.735065646873,-0.203424730603,-0.243205521684,0.929167858781,-1.19594117645,-1.4817848827,0.549831568742
5.265662,-0.736092513536,-0.203351430536,-0.244338601465,0.929256617361,-1.19612946329,-1.48266319652,0.549946831765
5.275645,-0.737086409099,-0.203268109772,-0.24553663452,0.929365632618,-1.19618425402,-1.48333919232,0.549935506382
5.285629,-0.738105314665,-0.203069579259,-0.246827870165,0.929343050206,-1.1960697234,-1.48397833643,0.549707160235
5.295613,-0.739172255612,-0.202882042095,-0.248147378179,0.92920466285,-1.19587644403,-1.48486424499,0.549497974145
5.305597,-0.740285869862,-0.202896081974,-0.249473592623,0.929157636332,-1.19585467514,-1.48607535523,0.549538905523
5.315581,-0.741423754692,-0.202845627683,-0.25093235833,0.929170010217,-1.19602032172,-1.48733976915,0.549664418789
5.325565,-0.742640632376,-0.202487967977,-0.252558194365,0.929131277488,-1.19610136243,-1.48861964282,0.549692106893
5.335549,-0.743697602517,-0.20231054829,-0.254191527327,0.928800339459,-1.19601863032,-1.48978746724,0.549733427385
5.345533,-0.744680738179,-0.202228898648,-0.255681600954,0.928681152083,-1.1958788665,-1.49088355868,0.549600539396
5.355517,-0.746040364341,-0.202191540371,-0.256997733045,0.9287044705,-1.19591901484,-1.49210183802,0.549423246899
5.365501,-0.747539089107,-0.202139831284,-0.258260807618,0.928649192182,-1.19597600502,-1.4934660186,0.549290208734
5.375485,-0.748775915034,-0.201976712714,-0.259496257586,0.928523645593,-1.19585274449,-1.49497907829,0.549251961402
5.385469,-0.749663304668,-0.201748576375,-0.260754683652,0.928450920696,-1.19559761353,-1.49661793799,0.549316791554
5.395453,-0.750507288586,-0.201636644466,-0.262146588134,0.928406571449,-1.19537921153,-1.49828831602,0.549440514823
5.405437,-0.751653174138,-0.201598600253,-0.263501468299,0.928214748889,-1.19506474824,-1.4998972969,0.549566341285
5.415421,-0.752791544502,-0.201654429137,-0.264514551568,0.927827727474,-1.19455155567,-1.50141223496,0.549802395535
5.425405,-0.753514535018,-0.201539951832,-0.265363340537,0.927687062594,-1.19402354976,-1.50322812182,0.54981637317
5.435388,-0.754372217338,-0.20141260812,-0.265971792137,0.927798103152,-1.19349532473,-1.50523899366,0.549588714158
5.445372,-0.755291196831,-0.201314942215,-0.266610766466,0.927716194704,-1.19288030037,-1.5071992496,0.549468691459
5.455356,-0.756253776766,-0.201124325591,-0.267407421721,0.927541154641,-1.19215880539,-1.50898532505,0.549534398248
5.465340,-0.757325743363,-0.200908481404,-0.268124438686,0.927472591863,-1.19142847641,-1.51069524731,0.549663575234
5.475324,-0.758512292603,-0.20075437646,-0.268566834725,0.927462746657,-1.19074855089,-1.51255555241,0.549704543565
5.485308,-0.759693016964,-0.200624609429,-0.268847601147,0.927350371566,-1.19002642504,-1.51467311279,0.549598424987
5.495292,-0.760790043716,-0.200537634011,-0.269086476961,0.927277971725,-1.18916305087,-1.51683788416,0.549402958007
5.505276,-0.762190283986,-0.200556313823,-0.268984381199,0.92727480674,-1.18859577083,-1.51889616003,0.549295898108
5.515260,-0.763321111983,-0.20058883989,-0.268807419413,0.926901360346,-1.18835537028,-1.52094800217,0.549512405865
5.525244,-0.764053257148,-0.200710698243,-0.269142317809,0.926410111026,-1.18818876919,-1.52295357754,0.549574580633
5.535228,-0.764807417253,-0.200935578723,-0.269484046074,0.925958950716,-1.18784183225,-1.52488187027,0.549409785072
5.545212,-0.765747968434,-0.201027313026,-0.269688776192,0.92559788538,-1.18734402335,-1.52681236556,0.549348387783
5.555196,-0.766825859513,-0.200877254108,-0.269822431167,0.925249108383,-1.18686010507,-1.52884823989,0.549417832561
5.565180,-0.767903614,-0.200726378666,-0.269887343396,0.924771765785,-1.18635346609,-1.53103648536,0.549460994984
5.575164,-0.768920783905,-0.200858630325,-0.269795784167,0.924185531748,-1.18578515858,-1.53337511246,0.549415603083
5.585148,-0.769968487105,-0.201071746995,-0.269537050878,0.923761399594,-1.18558053313,-1.53588235765,0.549364800056
5.595132,-0.771010242523,-0.201019842515,-0.269013607295,0.92325749877,-1.18587799647,-1.53858252153,0.549455334247
5.605115,-0.771864409343,-0.20080991416,-0.268935983578,0.922458077347,-1.18596298562,-1.54155493353,0.549418878938
5.615099,-0.772667235707,-0.200494164332,-0.269354247323,0.922033682913,-1.18584568584,-1.54458998627,0.549352035155
5.625083,-0.773456409521,-0.200168547534,-0.26973069441,0.921578773094,-1.18556950525,-1.54759684113,0.549398485824
5.635067,-0.774106073156,-0.19987106894,-0.26986805434,0.920987101851,-1.18545832279,-1.55063952726,0.54937191951
5.645051,-0.77462632206,-0.199582974951,-0.269897572066,0.920499175186,-1.18548224102,-1.55369925183,0.549240895994
5.655035,-0.775122994006,-0.199201656066,-0.269995486231,0.920181013965,-1.18544747321,-1.5566931494,0.549187234833
5.665019,-0.775770797492,-0.19868373324,-0.270211937558,0.919807286375,-1.18540251762,-1.55958850243,0.549301572553
5.675003,-0.776708715888,-0.198218587316,-0.270538025612,0.919263582896,-1.18565490234,-1.56242836236,0.549340607433
5.684987,-0.777501856448,-0.198045499942,-0.271093107965,0.918856977603,-1.18594372666,-1.56511331744,0.549175034031
5.694971,-0.778016910754,-0.197848921897,-0.271655432849,0.918442373337,-1.185883919,-1.56768281351,0.549173790006
5.704955,-0.778818487612,-0.197639309596,-0.271993528056,0.918110241371,-1.18605200206,-1.57009650167,0.549329286465
5.714939,-0.779729518239,-0.197585272627,-0.272289998978,0.917836278202,-1.18655596156,-1.57198210947,0.549336580051
5.724923,-0.78053365084,-0.197561485412,-0.272792094166,0.917384995996,-1.18712575445,-1.57292856987,0.54924839128
5.734907,-0.781282769081,-0.197432773822,-0.273463349115,0.916902666311,-1.18788045,-1.57307353638,0.549331538434
5.744891,-0.781855988377,-0.197228548879,-0.274061421023,0.916654074307,-1.18888686564,-1.57287420908,0.549390498026
5.754875,-0.782136421524,-0.197100349716,-0.274400405002,0.916669600871,-1.18991750481,-1.57267308027,0.549135179017
5.764859,-0.782409675888,-0.197138316381,-0.274581432891,0.916657915207,-1.19073309068,-1.57250611916,0.548882110635
5.774842,-0.782904842605,-0.197233748277,-0.274981518877,0.916305937531,-1.19157084739,-1.57240854959,0.548986198572
5.784826,-0.783371034752,-0.197124578771,-0.275677888731,0.916000972529,-1.19254074438,-1.57242905951,0.549047300464
5.794810,-0.783746783749,-0.197128919835,-0.27575088346,0.915749211835,-1.1932807048,-1.57227376096,0.54907858974
5.804794,-0.783852446753,-0.197138800486,-0.275663926352,0.915615171226,-1.19339124943,-1.57206327868,0.549030480918
5.814778,-0.783775828111,-0.197115455487,-0.276384872446,0.91537523442,-1.19320662686,-1.57191260284,0.548999306723
5.824762,-0.783726485836,-0.197053197384,-0.277489338419,0.915101399934,-1.19284880034,-1.57178548659,0.549050930762
5.834746,-0.783853788958,-0.19704739768,-0.278510451359,0.914912760404,-1.19230027151,-1.57157841662,0.549040310217
5.844730,-0.784190516803,-0.197167324051,-0.27935808632,0.914720875629,-1.19163160263,-1.57121723611,0.548884065689
5.854714,-0.784637347512,-0.197267259538,-0.280068745733,0.914304646999,-1.1910442302,-1.57082528427,0.548719958983
5.864698,-0.78488606333,-0.197012568566,-0.281015643562,0.913715180127,-1.19063435165,-1.57089776974,0.548468011771
5.874682,-0.784503641798,-0.196553493598,-0.281734181459,0.912995162237,-1.19036944847,-1.57111270883,0.548646320855
5.884666,-0.784279875517,-0.196208170662,-0.282330157455,0.912131177994,-1.18978352069,-1.57117720127,0.549005635862
5.894650,-0.78427047416,-0.195836568411,-0.28323102896,0.911202231561,-1.18876095633,-1.5712882941,0.549226366768
5.904634,-0.784293551602,-0.195460713845,-0.284237089675,0.910205094009,-1.18774679681,-1.57145211563,0.549291310091
5.914618,-0.784439247485,-0.195242084787,-0.285039424611,0.909346470419,-1.18691491213,-1.5715973514,0.549253827282
5.924602,-0.784526275866,-0.195149907674,-0.285557410363,0.908580963498,-1.18612276268,-1.57171885865,0.549297556647
5.934586,-0.784406929624,-0.194909204371,-0.285872196382,0.907683596883,-1.18527896861,-1.57179041455,0.549352558549
5.944569,-0.784282346261,-0.194374052078,-0.286123048114,0.90664401837,-1.18452399962,-1.57175836114,0.549118370721
5.954553,-0.78429711683,-0.194010268739,-0.286548700686,0.905819377678,-1.18391064863,-1.57175496268,0.548841094186
5.964537,-0.784656351616,-0.193982875133,-0.286689875475,0.904962385616,-1.18334339513,-1.57171554462,0.548717899201
5.974521,-0.784690350118,-0.193760520492,-0.286933391941,0.903714630112,-1.18237997537,-1.57171484976,0.548806555075
5.984505,-0.784485195637,-0.193420929839,-0.287178126201,0.902394601111,-1.1815005051,-1.57168237661,0.548999332749
5.994489,-0.784492856492,-0.193026696375,-0.287407903088,0.901417471072,-1.18096478867,-1.5716720643,0.549081580429
6.004473,-0.784750238543,-0.19275669437,-0.287618400346,0.9006207143,-1.18042898554,-1.57164745509,0.549035335638
6.014457,-0.78492637637,-0.192567245794,-0.287832852002,0.89972719846,-1.17964823298,-1.57160460044,0.548931552578
6.024441,-0.784763311827,-0.192318356184,-0.287874260221,0.898677540345,-1.17864660859,-1.5715443097,0.548853955667
6.034425,-0.784428654092,-0.191998464291,-0.287676877709,0.897570756277,-1.17761307269,-1.571504767,0.548930429063
6.044409,-0.784403651275,-0.191719575893,-0.287938858098,0.896361577426,-1.17676407212,-1.57164340356,0.549296721946
6.054393,-0.784723572232,-0.191485756044,-0.288740398504,0.89504613916,-1.17592809646,-1.57175211705,0.549321387516
6.064377,-0.784986925353,-0.191078733814,-0.289206738285,0.893602474311,-1.17468269651,-1.57168881917,0.549107910391
6.074361,-0.785066783299,-0.19057482654,-0.28917000182,0.892372138679,-1.1733219505,-1.57156862695,0.549077309567
6.084345,-0.784907217822,-0.190293422445,-0.288825555862,0.891588435075,-1.17197858578,-1.5714736709,0.549145728941
6.094329,-0.78462540059,-0.190105147016,-0.28857922711,0.890924286114,-1.1706823082,-1.57141006572,0.549066826303
6.104313,-0.784395488208,-0.18983696882,-0.288538195253,0.890045520522,-1.16934271888,-1.57142829632,0.548889216109
6.114296,-0.784333813866,-0.189494985623,-0.288668136602,0.888888181865,-1.16791724095,-1.57149053599,0.548718318109
6.124280,-0.784458141426,-0.189154000453,-0.288972242558,0.887679862334,-1.16653100616,-1.57141850172,0.54858337252
6.134264,-0.784710911818,-0.188727932638,-0.28938445005,0.886720690309,-1.16537197827,-1.57114036307,0.548621506476
6.144248,-0.784944836251,-0.188208735511,-0.289594611814,0.88585868706,-1.16428567161,-1.57126067385,0.548961333989
6.154232,-0.78517304148,-0.187660798725,-0.289537912326,0.885014629909,-1.16308981796,-1.57134930625,0.549294977587
6.164216,-0.785339048703,-0.187393728401,-0.289739234752,0.884111649084,-1.16187247484,-1.57123520279,0.549149145943
6.174200,-0.785365067594,-0.187056696011,-0.290154296327,0.883172783611,-1.16062894483,-1.57122447997,0.548911178269
6.184184,-0.785412751972,-0.186523527117,-0.290547482723,0.882292865615,-1.1592716846,-1.57126253733,0.548800786181
6.194168,-0.785378676389,-0.185775335749,-0.290937862114,0.881465940329,-1.15790104516,-1.57118070469,0.54874761667
6.204152,-0.785299339696,-0.184897796607,-0.29138178627,0.880488837546,-1.15679116286,-1.57094914919,0.54864643093
6.214136,-0.785344915545,-0.184086353386,-0.291753534371,0.879232158068,-1.15607065707,-1.570725727,0.548618375558
6.224120,-0.785415713946,-0.183493916025,-0.2918906986,0.877937678338,-1.15539289978,-1.57064601493,0.548911178268
6.234104,-0.785372599229,-0.182787631409,-0.292140982077,0.876783016098,-1.15412378354,-1.57047425355,0.549193081186
6.244088,-0.785275035068,-0.182027316179,-0.292815154562,0.875754682484,-1.15271555033,-1.57032344647,0.549215758684
6.254072,-0.785435824357,-0.181529714829,-0.293229360099,0.874642555301,-1.15162254257,-1.57020863023,0.549332270726
6.264056,-0.785655640614,-0.181161649461,-0.293565875158,0.8733868158,-1.15053124241,-1.56996000928,0.549322704605
6.274039,-0.785738029441,-0.180758355954,-0.293953194688,0.872165671234,-1.1493529784,-1.5696847922,0.549262693865
6.284023,-0.785720668873,-0.180179136006,-0.294312721481,0.871052616116,-1.14838358441,-1.56939788884,0.549300115276
6.294007,-0.785722607865,-0.1794501079,-0.29437643998,0.869936585862,-1.1477398747,-1.56913252515,0.549399114797
6.303991,-0.785812424512,-0.17877013021,-0.294270032739,0.868735032646,-1.14712751473,-1.56903522317,0.549353772555
6.313975,-0.785994757194,-0.178322463542,-0.294628739927,0.867555649436,-1.14619802146,-1.56915740458,0.549082162083
6.323959,-0.786237337044,-0.177983504942,-0.29506540515,0.866398385529,-1.14520936384,-1.56895434255,0.54895742458
6.333943,-0.786221230134,-0.177596765304,-0.2952215017,0.865322626108,-1.14475961011,-1.56862600291,0.549048706849
6.343927,-0.786211380719,-0.177061648843,-0.295398348937,0.864107255605,-1.14449270098,-1.56848859529,0.549259806313
6.353911,-0.786313111367,-0.176373281349,-0.295557376826,0.86288282461,-1.14404470582,-1.56847410963,0.549338230249
6.363895,-0.786634105459,-0.175668238916,-0.295696353027,0.861855475491,-1.143529544,-1.5685287825,0.549315995892
6.373879,-0.786924108042,-0.175145824843,-0.295779064003,0.860901156651,-1.14299439405,-1.56844121362,0.549264578815
6.383863,-0.786960605922,-0.174785037063,-0.295871180554,0.859929045762,-1.14241198109,-1.56816453682,0.549137918863
6.393847,-0.786930385436,-0.174417114406,-0.296050931477,0.85904070651,-1.14182888401,-1.56784198232,0.549011056488
6.403831,-0.78720301953,-0.174025324026,-0.296304844768,0.858320927317,-1.14139263605,-1.56764546459,0.549075368897
6.413815,-0.787419730999,-0.173869492484,-0.296671920483,0.857520574773,-1.14113041815,-1.56772744302,0.548954569326
6.423799,-0.787320270868,-0.173650778877,-0.297098717671,0.856892113944,-1.14115133866,-1.56806479007,0.54873542287
6.433783,-0.787543056247,-0.17343256826,-0.297202443823,0.85637025326,-1.14165821769,-1.56835606338,0.549165459608
6.443766,-0.787985941236,-0.173287087321,-0.297083366234,0.855841778769,-1.14222693821,-1.56851247694,0.549598444755
6.453750,-0.788361370556,-0.173066270933,-0.29696474111,0.855343460964,-1.14240933074,-1.56851364358,0.549409258386
6.463734,-0.788390721094,-0.172801681851,-0.296961224817,0.855144434717,-1.14222265789,-1.56842045921,0.549079205338
6.473718,-0.788216450146,-0.172690971117,-0.2970372307,0.855191496959,-1.1420104097,-1.56833775977,0.54900045809
6.483702,-0.788252028885,-0.172652333039,-0.297241317096,0.855157852024,-1.14196471427,-1.56828980157,0.549067318252
6.493686,-0.78863732608,-0.172408192101,-0.297611695289,0.854898944239,-1.14191673858,-1.56816579367,0.549039642955
6.503670,-0.788862958112,-0.172343472068,-0.297625624509,0.854742174239,-1.14175791281,-1.56786719958,0.549026026418
6.513654,-0.788850734197,-0.172469619197,-0.296995390999,0.854693083032,-1.14206903766,-1.5676764064,0.549389098749
6.523638,-0.789299317078,-0.172507766601,-0.296876233189,0.85492492069,-1.142352301,-1.56759394836,0.549777667436
6.533622,-0.789752744725,-0.172466483216,-0.296777977988,0.855271733428,-1.14279976152,-1.56768619788,0.549750835766
6.543606,-0.790083896456,-0.172393962515,-0.296635971577,0.855322474554,-1.14324183113,-1.56783582668,0.549388224656
6.553590,-0.790507833464,-0.172391655265,-0.29646777385,0.855269739974,-1.14337577037,-1.56793863643,0.549051672826
6.563574,-0.790847085942,-0.172576577655,-0.296567822083,0.855238840648,-1.14327874273,-1.56808865989,0.548972676482
6.573558,-0.790920246244,-0.172855522893,-0.29686018111,0.855146612089,-1.14333744861,-1.56822526833,0.549053667274
6.583542,-0.790989333199,-0.173011304897,-0.296866602693,0.854994895854,-1.14379156842,-1.56811084806,0.549074401681
6.593526,-0.791430370884,-0.173095602991,-0.296686358366,0.85505487735,-1.14430594279,-1.56788709676,0.549103946305
6.603510,-0.791789624595,-0.172990170052,-0.296817843627,0.854890072235,-1.14410797921,-1.56799036503,0.549241545442
6.613493,-0.792100620079,-0.173016129281,-0.296978735453,0.854669575721,-1.14421314325,-1.56839486074,0.549240838523
6.623477,-0.792453155135,-0.173073006763,-0.297014530473,0.854788373507,-1.14473547855,-1.56855234451,0.549199331147
6.633461,-0.792808460799,-0.172892812935,-0.297086033719,0.854949609724,-1.1450335301,-1.56850710411,0.549066585541
6.643445,-0.793209781406,-0.17269320687,-0.296993736186,0.855045965512,-1.14521034381,-1.56853485661,0.54894159229
6.653429,-0.79349345738,-0.172608640584,-0.296758454453,0.855161512926,-1.14534649713,-1.56860061419,0.548924429675
6.663413,-0.793603080399,-0.172569799346,-0.296629448051,0.855313606723,-1.14537155642,-1.56863325519,0.548933514908
6.673397,-0.793735629865,-0.172544024012,-0.296797118929,0.855373395115,-1.14531521786,-1.56875920557,0.548869815155
6.683381,-0.794041352655,-0.172712011375,-0.297119311252,0.855281063699,-1.14546058385,-1.56910022668,0.548929351534
6.693365,-0.794315840639,-0.172864191412,-0.297079618373,0.855269016621,-1.14584456463,-1.56944164485,0.549169228649
